158491	0	158491	2
158491	0	2130828	1
158491	0	730939	1
158491	0	1666627	1
158491	0	2102124	1
158491	0	2413096	1
158491	0	785032	1
158491	0	2416831	1
158491	0	1990243	1
5728	0	5728	2
5728	0	957396	1
5728	0	737951	1
5728	0	375146	1
5728	0	384239	1
5728	0	1539625	1
5728	0	514135	1
5728	0	2314207	1
5728	0	835341	1
5728	0	305999	1
5728	0	294553	1
5728	0	2412920	1
5728	0	2250822	1
5728	0	61649	1
5728	0	132032	1
13554	0	13554	2
13554	0	2164978	1
13554	0	1070	1
13554	0	107818	1
13554	0	1262819	1
13554	0	1354881	1
13554	0	761187	1
32674	0	32674	2
32674	0	811118	1
32674	0	968448	1
32674	0	1378846	1
32674	0	1317839	1
32674	0	784701	1
32674	0	834604	1
406391	0	406391	2
406391	0	2328959	1
406391	0	1325717	1
406391	0	1991464	1
406391	0	855680	1
406391	0	1371973	1
406391	0	1958994	1
406391	0	1292913	1
5115	0	5115	2
5115	0	1422213	1
5115	0	1664550	1
5115	0	319553	1
5115	0	254083	1
5115	0	302333	1
5115	0	991466	1
5115	0	634027	1
15469	0	15469	2
15469	0	975281	1
15469	0	2129358	1
15469	0	1296004	1
15469	0	1020221	1
15469	0	2300704	1
15469	0	987285	1
15469	0	2398058	1
15469	0	676314	1
15469	0	1334817	1
15469	0	740510	1
15469	0	546072	1
15469	0	975245	1
15469	0	975904	1
15469	0	618761	1
15469	0	975122	1
15469	0	1180175	1
15469	0	2452910	1
15469	0	1789144	1
15469	0	311697	1
15469	0	2069564	1
15469	0	2017274	1
15469	0	1128345	1
15469	0	2373156	1
62953	0	62953	2
62953	0	62956	1
62953	0	62961	1
62953	0	756070	1
62953	0	252435	1
62953	0	1588328	1
152444	0	152444	2
152444	0	472076	1
152444	0	2192522	1
152444	0	289842	1
152444	0	2417988	1
152444	0	1673595	1
152444	0	791192	1
152444	0	118690	1
152444	0	2186245	1
104086	0	104086	2
104086	0	2283603	1
104086	0	1769460	1
104086	0	1137074	1
104086	0	1531009	1
104086	0	1882766	1
104086	0	1938556	1
104086	0	1464230	1
104086	0	99813	1
104086	0	1548144	1
145194	0	145194	2
145194	0	2248772	1
145194	0	943326	1
145194	0	2115068	1
145194	0	930936	1
145194	0	304948	1
73752	0	73752	2
73752	0	1813073	1
73752	0	1048581	1
73752	0	266565	1
73752	0	1048345	1
73752	0	268593	1
1368508	0	1368508	2
1368508	0	72675	1
1368508	0	370186	1
1368508	0	1487360	1
1368508	0	1229482	1
1368508	0	355846	1
1368508	0	1200487	1
1368508	0	1859698	1
1368508	0	72805	1
1368508	0	72801	1
1368508	0	1972375	1
1368508	0	1553104	1
1368508	0	1904954	1
1368508	0	1192490	1
1368508	0	1014207	1
1368508	0	582485	1
1368508	0	524603	1
1368508	0	1426651	1
1368508	0	473565	1
1368508	0	1811902	1
1368508	0	1197492	1
1368508	0	2157313	1
1368508	0	1711399	1
1368508	0	395205	1
1368508	0	372455	1
1368508	0	1861934	1
1368508	0	141876	1
1368508	0	2244459	1
1368508	0	2215552	1
1368508	0	72411	1
1368508	0	1014329	1
1368508	0	782597	1
1368508	0	874658	1
1368508	0	2225652	1
1368508	0	1014318	1
1368508	0	72412	1
1368508	0	1517424	1
1368508	0	1964172	1
1368508	0	71893	1
1368508	0	6938	1
1368508	0	193476	1
11534	0	11534	2
11534	0	1969806	1
11534	0	1796757	1
11534	0	1249176	1
11534	0	1587853	1
11534	0	2141304	1
11534	0	1794426	1
11534	0	2056907	1
11534	0	1463325	1
11534	0	1509815	1
11534	0	987295	1
11534	0	1625122	1
11534	0	2142031	1
11534	0	2356905	1
11534	0	1191113	1
11534	0	1407105	1
11534	0	759479	1
11534	0	2136745	1
11534	0	484328	1
11534	0	1625677	1
83078	0	83078	2
83078	0	1040959	1
83078	0	556777	1
83078	0	2383555	1
83078	0	1954939	1
83078	0	2383623	1
83078	0	2251550	1
83078	0	1745172	1
25174	0	25174	2
25174	0	134446	1
25174	0	1588691	1
25174	0	758074	1
25174	0	1514192	1
25174	0	625567	1
25174	0	1146557	1
25174	0	2393054	1
25174	0	1834161	1
25174	0	2269652	1
25174	0	157858	1
25174	0	460363	1
25174	0	370093	1
25174	0	46336	1
25174	0	152660	1
25174	0	249886	1
25174	0	1125146	1
25174	0	536211	1
25174	0	705884	1
25174	0	845756	1
25174	0	1578059	1
25174	0	1341690	1
25174	0	584517	1
25174	0	207213	1
25174	0	1438185	1
25174	0	800201	1
25174	0	764828	1
25174	0	1132799	1
25174	0	1690282	1
25174	0	1304377	1
25174	0	1281194	1
25174	0	221671	1
25174	0	1610154	1
25174	0	509511	1
25174	0	898187	1
25174	0	350047	1
25174	0	1249312	1
25174	0	1004006	1
25174	0	1617283	1
25174	0	752514	1
25174	0	971776	1
25174	0	838468	1
25174	0	1150496	1
25174	0	349834	1
25174	0	376530	1
25174	0	604433	1
25174	0	685879	1
25174	0	1681672	1
25174	0	91916	1
25174	0	584383	1
25174	0	408077	1
25174	0	1293252	1
25174	0	1778791	1
25174	0	140414	1
25174	0	383974	1
25174	0	1660160	1
25174	0	610588	1
25174	0	1627050	1
25174	0	1486506	1
25174	0	37713	1
25174	0	383590	1
25174	0	252038	1
25174	0	792366	1
25174	0	1586535	1
25174	0	903592	1
25174	0	1109024	1
25174	0	1266248	1
25174	0	250035	1
25174	0	1284120	1
25174	0	1576638	1
25174	0	1799192	1
25174	0	817201	1
25174	0	900262	1
25174	0	1878714	1
25174	0	251997	1
25174	0	1444121	1
25174	0	2296023	1
265104	0	265104	2
265104	0	2213839	1
265104	0	1401749	1
265104	0	1914070	1
265104	0	839579	1
265104	0	569894	1
265104	0	412728	1
265104	0	2332028	1
265104	0	2400759	1
265104	0	1144451	1
265104	0	1923209	1
265104	0	1687575	1
265104	0	2124794	1
265104	0	1042723	1
265104	0	2347351	1
265104	0	1747473	1
139082	0	139082	2
139082	0	1448302	1
139082	0	971808	1
139082	0	1552635	1
139082	0	453552	1
139082	0	1437193	1
139082	0	441891	1
37743	0	37743	2
37743	0	1692853	1
37743	0	1882196	1
37743	0	491909	1
37743	0	359513	1
37743	0	1504917	1
207224	0	207224	2
207224	0	364920	1
207224	0	2271127	1
207224	0	364586	1
207224	0	209125	1
207224	0	719047	1
207224	0	207760	1
1313611	0	1313611	2
1313611	0	87526	1
1313611	0	106938	1
1313611	0	229	1
1313611	0	1371457	1
1313611	0	1213921	1
1313611	0	1192838	1
641464	0	641464	2
641464	0	469018	1
641464	0	482019	1
641464	0	797740	1
641464	0	92298	1
641464	0	2049245	1
641464	0	1272772	1
641464	0	497629	1
641464	0	506895	1
641464	0	409927	1
641464	0	228372	1
75295	0	75295	2
75295	0	241786	1
75295	0	940725	1
75295	0	1071874	1
75295	0	458105	1
75295	0	364279	1
75295	0	1881743	1
75295	0	345821	1
2591	0	2591	2
2591	0	2328303	1
2591	0	2309642	1
2591	0	568869	1
2591	0	890323	1
2591	0	1795738	1
2591	0	1939005	1
2591	0	1320364	1
2591	0	289376	1
2591	0	958961	1
2591	0	1759471	1
2591	0	934933	1
2591	0	2180403	1
2591	0	1746548	1
2591	0	443483	1
2591	0	891166	1
2591	0	1105882	1
2591	0	1276837	1
2591	0	378016	1
2591	0	1143461	1
2591	0	1066903	1
2591	0	891390	1
2591	0	1013908	1
2591	0	2319077	1
2591	0	2278529	1
2591	0	876962	1
2591	0	756322	1
2591	0	973609	1
2591	0	951522	1
2591	0	2257545	1
2591	0	2133839	1
2591	0	545124	1
2591	0	648780	1
2591	0	2313084	1
2591	0	1015972	1
2591	0	551580	1
2591	0	1987067	1
2591	0	971250	1
2591	0	1947508	1
2591	0	1037382	1
2591	0	1821770	1
2591	0	906774	1
2591	0	890140	1
2591	0	1449960	1
2591	0	1740252	1
2591	0	891167	1
107590	0	107590	2
107590	0	597817	1
107590	0	2057417	1
107590	0	14335	1
107590	0	617710	1
107590	0	2447478	1
107590	0	463345	1
362197	0	362197	2
362197	0	1976347	1
362197	0	1779786	1
362197	0	1514847	1
362197	0	2192410	1
362197	0	1935970	1
13540	0	13540	2
13540	0	1728654	1
13540	0	1907561	1
13540	0	505354	1
13540	0	163766	1
13540	0	1578090	1
13540	0	2056171	1
13540	0	178885	1
13540	0	2455917	1
13540	0	424509	1
13540	0	360535	1
13540	0	854184	1
13540	0	1206244	1
13540	0	863730	1
13540	0	491280	1
13540	0	278514	1
13540	0	761671	1
13540	0	245767	1
13540	0	225612	1
13540	0	210131	1
13540	0	1670064	1
13540	0	415534	1
13540	0	1859469	1
13540	0	1554905	1
13540	0	232614	1
13540	0	1296264	1
13540	0	285682	1
13540	0	1678554	1
13540	0	1336799	1
13540	0	1170559	1
13540	0	778006	1
13540	0	1433174	1
13540	0	965438	1
13540	0	1677039	1
13540	0	236410	1
13540	0	597993	1
13540	0	413412	1
13540	0	424875	1
13540	0	1383445	1
13540	0	778468	1
13540	0	1107523	1
13540	0	1285983	1
13540	0	918722	1
13540	0	1276050	1
13540	0	648254	1
13540	0	2108179	1
13540	0	712189	1
13540	0	2051486	1
13540	0	172457	1
13540	0	949381	1
13540	0	830028	1
13540	0	288256	1
13540	0	857790	1
13540	0	709909	1
13540	0	1433860	1
13540	0	1334025	1
13540	0	1334508	1
13540	0	952270	1
13540	0	597178	1
13540	0	2321883	1
13540	0	1354797	1
13540	0	2280543	1
13540	0	1803182	1
13540	0	2039423	1
13540	0	316835	1
13540	0	570254	1
13540	0	2315013	1
13540	0	1147332	1
13540	0	189241	1
13540	0	889977	1
13540	0	1472431	1
13540	0	1001910	1
13540	0	1335049	1
13540	0	1228269	1
13540	0	1565974	1
13540	0	708370	1
13540	0	78062	1
13540	0	2084409	1
13540	0	730430	1
13540	0	1438142	1
13540	0	294402	1
13540	0	941522	1
13540	0	426211	1
13540	0	1657598	1
13540	0	481617	1
13540	0	2021049	1
13540	0	898144	1
13540	0	1491920	1
13540	0	46169	1
13540	0	1952645	1
13540	0	1767245	1
13540	0	2097347	1
13540	0	1800087	1
13540	0	736580	1
13540	0	851113	1
13540	0	2298604	1
13540	0	307810	1
13540	0	109020	1
13540	0	1208009	1
13540	0	238034	1
13540	0	670655	1
13540	0	1310779	1
13540	0	1258505	1
13540	0	123282	1
13540	0	1021609	1
13540	0	627781	1
13540	0	1294774	1
13540	0	1433013	1
13540	0	379615	1
13540	0	1899682	1
13540	0	1989895	1
13540	0	2028036	1
13540	0	253285	1
13540	0	157495	1
13540	0	250071	1
13540	0	1485219	1
13540	0	285376	1
13540	0	941025	1
13540	0	654078	1
13540	0	323632	1
13540	0	1565303	1
13540	0	2025689	1
13540	0	986337	1
13540	0	1326959	1
13540	0	1285721	1
13540	0	189293	1
13540	0	299873	1
13540	0	692822	1
13540	0	281261	1
13540	0	2278849	1
13540	0	284805	1
13540	0	1546631	1
13540	0	1845798	1
13540	0	1350426	1
13540	0	643455	1
13540	0	1591880	1
13540	0	284345	1
13540	0	566512	1
13540	0	817980	1
13540	0	1290187	1
13540	0	697219	1
13540	0	1353377	1
13540	0	1412490	1
13540	0	1591835	1
13540	0	1496533	1
13540	0	1598822	1
13540	0	482474	1
13540	0	212456	1
13540	0	1588089	1
13540	0	1619602	1
13540	0	895349	1
13540	0	1280525	1
13540	0	1878799	1
13540	0	882452	1
13540	0	1221536	1
13540	0	86494	1
13540	0	856025	1
13540	0	1481153	1
13540	0	425978	1
13540	0	880818	1
13540	0	1886970	1
13540	0	1460619	1
13540	0	315773	1
13540	0	633812	1
13540	0	895265	1
13540	0	378889	1
13540	0	881399	1
13540	0	895752	1
13540	0	712459	1
13540	0	1245302	1
13540	0	334684	1
13540	0	1328459	1
13540	0	1880141	1
13540	0	744840	1
13540	0	1406346	1
13540	0	765612	1
13540	0	1390618	1
13540	0	437428	1
13540	0	1920607	1
13540	0	1166552	1
13540	0	226799	1
13540	0	1008981	1
13540	0	870786	1
13540	0	758785	1
13540	0	25577	1
13540	0	2304134	1
13540	0	998629	1
13540	0	1333663	1
13540	0	1736933	1
13540	0	11072	1
13540	0	284870	1
13540	0	1674485	1
13540	0	2236851	1
13540	0	1943215	1
13540	0	2020925	1
13540	0	1266348	1
13540	0	532440	1
13540	0	952165	1
13540	0	1305123	1
13540	0	219227	1
13540	0	221130	1
13540	0	931172	1
13540	0	2328674	1
13540	0	741593	1
13540	0	452405	1
13540	0	1760916	1
13540	0	685603	1
13540	0	539817	1
13540	0	2211717	1
13540	0	1319174	1
13540	0	356626	1
13540	0	2285810	1
13540	0	2246241	1
13540	0	1671591	1
13540	0	1982861	1
13540	0	281304	1
13540	0	915041	1
13540	0	1157885	1
13540	0	876088	1
13540	0	2262654	1
13540	0	287781	1
13540	0	672870	1
13540	0	1228282	1
13540	0	1705320	1
13540	0	687746	1
13540	0	615937	1
13540	0	1708600	1
13540	0	194440	1
13540	0	790189	1
13540	0	1695838	1
13540	0	1537885	1
13540	0	1505229	1
13540	0	779901	1
13540	0	1272354	1
13540	0	1916766	1
13540	0	1841602	1
13540	0	964118	1
13540	0	1943139	1
13540	0	1777850	1
13540	0	1389380	1
13540	0	183186	1
13540	0	156154	1
13540	0	292153	1
13540	0	339360	1
13540	0	736654	1
13540	0	1381594	1
13540	0	814836	1
13540	0	1863726	1
13540	0	419988	1
13540	0	965823	1
13540	0	710896	1
13540	0	1456399	1
13540	0	273757	1
13540	0	1041352	1
13540	0	429278	1
13540	0	1962479	1
13540	0	1447475	1
13540	0	102278	1
13540	0	218205	1
13540	0	200337	1
13540	0	131671	1
13540	0	808947	1
13540	0	776961	1
13540	0	580671	1
13540	0	1602988	1
13540	0	780084	1
13540	0	1830719	1
13540	0	1886924	1
13540	0	1534095	1
13540	0	569386	1
13540	0	218693	1
13540	0	555697	1
13540	0	1086326	1
13540	0	410804	1
13540	0	1268288	1
13540	0	500284	1
13540	0	857025	1
13540	0	1388421	1
13540	0	730458	1
13540	0	1927128	1
13540	0	1996172	1
13540	0	835271	1
13540	0	1087235	1
13540	0	1991220	1
13540	0	464402	1
13540	0	2212824	1
13540	0	1018899	1
13540	0	283172	1
13540	0	2156332	1
13540	0	1702363	1
13540	0	305414	1
13540	0	2134202	1
13540	0	761711	1
13540	0	2010631	1
13540	0	824918	1
13540	0	949408	1
13540	0	1769574	1
13540	0	482542	1
13540	0	2049404	1
13540	0	529518	1
13540	0	926523	1
13540	0	1146551	1
13540	0	1830618	1
13540	0	303165	1
13540	0	1977469	1
13540	0	443948	1
13540	0	1011027	1
13540	0	660431	1
13540	0	530276	1
13540	0	1349275	1
13540	0	294462	1
13540	0	235858	1
13540	0	365604	1
13540	0	698931	1
13540	0	861722	1
13540	0	745326	1
13540	0	1987056	1
13540	0	698069	1
13540	0	759762	1
13540	0	349935	1
13540	0	328355	1
13540	0	1227910	1
13540	0	456842	1
13540	0	122784	1
13540	0	718265	1
13540	0	427719	1
13540	0	918993	1
13540	0	879074	1
13540	0	1056941	1
13540	0	807107	1
13540	0	1089774	1
13540	0	827049	1
13540	0	1364019	1
13540	0	228283	1
13540	0	868050	1
13540	0	1267078	1
13540	0	746540	1
13540	0	1140854	1
13540	0	918952	1
13540	0	1791459	1
13540	0	804964	1
13540	0	606533	1
13540	0	179011	1
13540	0	1036980	1
13540	0	2454353	1
13540	0	2049636	1
13540	0	107850	1
13540	0	1897074	1
13540	0	1564491	1
13540	0	1109714	1
13540	0	131800	1
13540	0	1030415	1
13540	0	980464	1
13540	0	1121290	1
13540	0	949981	1
13540	0	1214622	1
13540	0	460741	1
13540	0	1785664	1
13540	0	317031	1
13540	0	2242501	1
13540	0	85443	1
13540	0	239386	1
13540	0	921706	1
13540	0	334506	1
13540	0	933130	1
13540	0	1113324	1
13540	0	2206639	1
13540	0	279906	1
13540	0	1005740	1
13540	0	615670	1
13540	0	1393158	1
13540	0	1125367	1
13540	0	2250146	1
13540	0	473766	1
13540	0	824953	1
13540	0	2072023	1
13540	0	847759	1
13540	0	1136560	1
13540	0	1839747	1
13540	0	1495169	1
13540	0	806232	1
13540	0	278887	1
13540	0	819663	1
13540	0	1685685	1
13540	0	653056	1
13540	0	1714353	1
13540	0	1734836	1
13540	0	114932	1
13540	0	1582031	1
13540	0	1068209	1
13540	0	1819928	1
13540	0	241702	1
13540	0	299646	1
13540	0	1501158	1
13540	0	766305	1
13540	0	709327	1
13540	0	443595	1
13540	0	635145	1
13540	0	864298	1
13540	0	2209936	1
13540	0	858226	1
13540	0	1823011	1
13540	0	285718	1
13540	0	478746	1
13540	0	703854	1
13540	0	1512337	1
13540	0	1504918	1
13540	0	2003727	1
13540	0	1335567	1
13540	0	1258821	1
13540	0	1582270	1
13540	0	932964	1
13540	0	2198188	1
13540	0	651648	1
13540	0	1054663	1
13540	0	583957	1
13540	0	237827	1
13540	0	2349461	1
13540	0	443862	1
13540	0	393491	1
13540	0	261918	1
13540	0	2211072	1
13540	0	229223	1
13540	0	1737762	1
13540	0	864333	1
13540	0	1172977	1
13540	0	1871384	1
13540	0	909964	1
13540	0	282957	1
13540	0	1278210	1
13540	0	2182595	1
13540	0	1120724	1
13540	0	1907381	1
13540	0	1118518	1
13540	0	2121210	1
13540	0	317340	1
13540	0	1763585	1
13540	0	285759	1
13540	0	2084322	1
13540	0	1075453	1
13540	0	1575904	1
13540	0	955753	1
13540	0	1988819	1
13540	0	1825540	1
13540	0	2047524	1
13540	0	2206911	1
13540	0	857226	1
13540	0	777011	1
13540	0	1690525	1
13540	0	2141807	1
13540	0	1070318	1
13540	0	619926	1
13540	0	912995	1
13540	0	1601339	1
13540	0	560614	1
13540	0	1825481	1
13540	0	284815	1
13540	0	1056634	1
13540	0	1426903	1
13540	0	1679542	1
13540	0	602082	1
13540	0	1009157	1
13540	0	751545	1
13540	0	391834	1
13540	0	1371449	1
13540	0	1068818	1
13540	0	488719	1
13540	0	1341467	1
13540	0	2079517	1
13540	0	495384	1
13540	0	285707	1
13540	0	410323	1
13540	0	252720	1
13540	0	650964	1
13540	0	2275821	1
13540	0	1839342	1
13540	0	1536780	1
13540	0	1787	1
13540	0	211135	1
13540	0	568483	1
13540	0	455522	1
13540	0	1465975	1
13540	0	844384	1
13540	0	284877	1
13540	0	2399944	1
13540	0	285972	1
13540	0	903694	1
13540	0	697247	1
13540	0	564189	1
13540	0	702583	1
13540	0	624995	1
13540	0	661332	1
13540	0	1021713	1
13540	0	71672	1
13540	0	1124743	1
13540	0	2058207	1
13540	0	1371810	1
13540	0	947388	1
13540	0	299563	1
13540	0	1079680	1
13540	0	2324324	1
13540	0	1469156	1
13540	0	1548947	1
13540	0	812825	1
13540	0	846973	1
13540	0	286694	1
13540	0	196696	1
13540	0	2355972	1
13540	0	2093485	1
13540	0	2160692	1
13540	0	1270688	1
13540	0	1519929	1
13540	0	926961	1
13540	0	2365530	1
13540	0	1863026	1
13540	0	277888	1
13540	0	848076	1
13540	0	220652	1
13540	0	999306	1
13540	0	884140	1
13540	0	315894	1
13540	0	284990	1
13540	0	279695	1
13540	0	972999	1
13540	0	2125264	1
13540	0	1778248	1
13540	0	241698	1
13540	0	932143	1
13540	0	1706422	1
13540	0	1055619	1
13540	0	669668	1
13540	0	588424	1
13540	0	659503	1
13540	0	720489	1
13540	0	747745	1
13540	0	1179837	1
13540	0	1619383	1
13540	0	295636	1
13540	0	650034	1
13540	0	398175	1
13540	0	226205	1
13540	0	2352939	1
13540	0	962687	1
13540	0	1806265	1
13540	0	2325542	1
13540	0	560836	1
13540	0	331388	1
13540	0	190729	1
13540	0	813103	1
13540	0	1513470	1
13540	0	286666	1
13540	0	1283816	1
13540	0	875566	1
13540	0	1449206	1
13540	0	92735	1
13540	0	1906385	1
13540	0	137853	1
13540	0	1865056	1
13540	0	368859	1
13540	0	923759	1
13540	0	2060034	1
13540	0	2148386	1
13540	0	594378	1
13540	0	1327463	1
13540	0	318220	1
13540	0	471737	1
13540	0	283788	1
13540	0	2429909	1
13540	0	742356	1
13540	0	2164904	1
13540	0	538551	1
13540	0	2231821	1
13540	0	1480625	1
13540	0	1276852	1
13540	0	561874	1
13540	0	2351469	1
13540	0	733948	1
13540	0	868209	1
13540	0	939959	1
13540	0	1988700	1
13540	0	885809	1
13540	0	596391	1
13540	0	2005955	1
13540	0	448433	1
13540	0	878652	1
13540	0	1612159	1
13540	0	909664	1
13540	0	999169	1
13540	0	1333951	1
13540	0	1204123	1
13540	0	912848	1
13540	0	585188	1
13540	0	1315322	1
13540	0	1047584	1
13540	0	2051110	1
13540	0	730634	1
13540	0	1092199	1
13540	0	1636029	1
13540	0	709914	1
13540	0	1578767	1
13540	0	1338285	1
13540	0	864746	1
13540	0	1831207	1
13540	0	426955	1
13540	0	890829	1
13540	0	1754267	1
13540	0	209644	1
13540	0	1463089	1
13540	0	1858595	1
13540	0	308926	1
13540	0	1748214	1
13540	0	951107	1
13540	0	1227072	1
13540	0	756686	1
13540	0	2217088	1
13540	0	2128440	1
13540	0	1039131	1
13540	0	325958	1
13540	0	358843	1
13540	0	1400784	1
13540	0	1214122	1
13540	0	756885	1
13540	0	1371360	1
13540	0	1767431	1
13540	0	1045336	1
13540	0	1393759	1
13540	0	1507839	1
13540	0	1817313	1
13540	0	282090	1
13540	0	1914861	1
13540	0	1805090	1
13540	0	78238	1
13540	0	254318	1
13540	0	1308497	1
13540	0	235562	1
13540	0	2299740	1
13540	0	1137971	1
13540	0	282066	1
13540	0	1229793	1
13540	0	1093026	1
13540	0	465907	1
13540	0	833021	1
13540	0	1581012	1
13540	0	2352514	1
13540	0	1128381	1
13540	0	2059307	1
13540	0	591561	1
13540	0	430508	1
13540	0	1442746	1
13540	0	197968	1
13540	0	1779532	1
13540	0	278894	1
13540	0	6516	1
13540	0	532672	1
13540	0	512816	1
13540	0	112523	1
13540	0	595977	1
13540	0	770122	1
13540	0	1169733	1
13540	0	251532	1
13540	0	1753803	1
13540	0	2041105	1
13540	0	2175945	1
13540	0	867313	1
13540	0	88649	1
13540	0	439123	1
13540	0	165827	1
13540	0	799003	1
13540	0	591885	1
13540	0	1423608	1
13540	0	1907960	1
13540	0	483191	1
13540	0	1818745	1
13540	0	394155	1
13540	0	1074897	1
13540	0	416450	1
13540	0	918299	1
13540	0	1096457	1
13540	0	607981	1
13540	0	411677	1
13540	0	1158120	1
13540	0	2277952	1
13540	0	809978	1
13540	0	905587	1
13540	0	124324	1
13540	0	373696	1
13540	0	1470246	1
13540	0	247999	1
13540	0	504611	1
13540	0	285269	1
13540	0	1491447	1
13540	0	897320	1
13540	0	579894	1
13540	0	1093200	1
13540	0	992668	1
13540	0	96159	1
13540	0	518043	1
13540	0	552589	1
13540	0	2149825	1
13540	0	670232	1
13540	0	1805925	1
13540	0	375600	1
13540	0	1158461	1
13540	0	482191	1
13540	0	1024112	1
13540	0	750064	1
13540	0	862058	1
13540	0	1602426	1
13540	0	283221	1
13540	0	661243	1
13540	0	1666390	1
13540	0	602806	1
13540	0	688526	1
13540	0	641623	1
13540	0	1065322	1
13540	0	828223	1
13540	0	1121231	1
13540	0	322525	1
13540	0	363015	1
13540	0	1356475	1
13540	0	542379	1
13540	0	875244	1
13540	0	931439	1
13540	0	427405	1
13540	0	225969	1
13540	0	497564	1
13540	0	1429236	1
13540	0	876356	1
13540	0	826952	1
13540	0	994816	1
13540	0	1266629	1
13540	0	241701	1
13540	0	150903	1
13540	0	693550	1
13540	0	945673	1
13540	0	129206	1
13540	0	2246538	1
13540	0	243934	1
13540	0	11448	1
13540	0	1171386	1
13540	0	2443211	1
13540	0	1409347	1
13540	0	1346332	1
13540	0	936132	1
13540	0	2257487	1
13540	0	1697930	1
13540	0	1250916	1
13540	0	1184522	1
13540	0	643343	1
13540	0	2101560	1
13540	0	994135	1
13540	0	1100671	1
13540	0	2229797	1
13540	0	158548	1
13540	0	277441	1
13540	0	98672	1
13540	0	341267	1
13540	0	505122	1
13540	0	2404876	1
13540	0	1475094	1
13540	0	39745	1
13540	0	804328	1
13540	0	464087	1
13540	0	330282	1
13540	0	948093	1
13540	0	1409668	1
13540	0	656680	1
13540	0	777448	1
13540	0	1073185	1
13540	0	741201	1
13540	0	1006862	1
13540	0	516400	1
13540	0	123479	1
13540	0	320395	1
13540	0	143159	1
13540	0	285166	1
13540	0	1395138	1
13540	0	986569	1
13540	0	1966215	1
13540	0	957792	1
13540	0	1218729	1
13540	0	128873	1
13540	0	439024	1
13540	0	2022916	1
13540	0	2362377	1
13540	0	1032140	1
13540	0	886499	1
13540	0	1119385	1
13540	0	984302	1
13540	0	183252	1
13540	0	80988	1
13540	0	129988	1
13540	0	1195928	1
13540	0	1494298	1
13540	0	1573446	1
13540	0	375316	1
13540	0	590122	1
13540	0	1096578	1
13540	0	929084	1
13540	0	1997875	1
13540	0	80987	1
13540	0	873509	1
13540	0	1519818	1
13540	0	1968484	1
13540	0	380863	1
13540	0	1936747	1
13540	0	1098421	1
13540	0	752754	1
13540	0	2219891	1
13540	0	2171083	1
13540	0	434778	1
13540	0	988048	1
13540	0	173280	1
13540	0	1406030	1
13540	0	959421	1
13540	0	740466	1
13540	0	1661926	1
13540	0	87511	1
13540	0	1122635	1
13540	0	712311	1
13540	0	1462409	1
13540	0	911393	1
13540	0	270749	1
13540	0	528674	1
13540	0	878715	1
13540	0	2184893	1
13540	0	2255655	1
13540	0	661324	1
13540	0	1447883	1
13540	0	2058537	1
13540	0	1653371	1
13540	0	1666868	1
13540	0	113463	1
13540	0	1073993	1
13540	0	1111496	1
13540	0	976326	1
13540	0	1149995	1
13540	0	1493187	1
13540	0	1294928	1
13540	0	486303	1
13540	0	837794	1
13540	0	752338	1
13540	0	742374	1
13540	0	1375318	1
13540	0	144310	1
13540	0	1094723	1
13540	0	258140	1
13540	0	435656	1
13540	0	1229550	1
13540	0	932185	1
13540	0	1644662	1
13540	0	931532	1
13540	0	1887881	1
13540	0	1892145	1
13540	0	950056	1
13540	0	491869	1
13540	0	1114391	1
13540	0	1886007	1
13540	0	1095525	1
13540	0	848190	1
13540	0	980058	1
13540	0	1599052	1
13540	0	149591	1
13540	0	1165528	1
13540	0	502769	1
13540	0	657780	1
13540	0	1866124	1
13540	0	523536	1
13540	0	1990523	1
13540	0	2175020	1
13540	0	901042	1
13540	0	604218	1
13540	0	147905	1
13540	0	919458	1
13540	0	1833518	1
13540	0	2446418	1
13540	0	1063635	1
13540	0	284359	1
13540	0	1404063	1
13540	0	1845188	1
13540	0	193762	1
13540	0	858159	1
13540	0	1324458	1
13540	0	1478260	1
13540	0	612410	1
13540	0	211046	1
13540	0	861516	1
13540	0	1143793	1
13540	0	1408300	1
13540	0	1921992	1
13540	0	1057609	1
13540	0	1182387	1
13540	0	152269	1
13540	0	1769327	1
13540	0	588911	1
13540	0	285383	1
13540	0	1370118	1
13540	0	971037	1
13540	0	735011	1
13540	0	203748	1
13540	0	1418889	1
13540	0	1773138	1
13540	0	641306	1
13540	0	967224	1
13540	0	926439	1
13540	0	1164312	1
13540	0	1834775	1
13540	0	645956	1
13540	0	2125265	1
13540	0	813995	1
13540	0	376918	1
13540	0	577950	1
13540	0	1958248	1
13540	0	87631	1
13540	0	1169441	1
13540	0	1050127	1
13540	0	1926073	1
13540	0	593521	1
13540	0	251138	1
13540	0	275026	1
13540	0	245516	1
13540	0	280911	1
13540	0	517773	1
13540	0	770350	1
13540	0	241828	1
13540	0	1674469	1
13540	0	1148868	1
13540	0	337823	1
13540	0	86792	1
13540	0	1124718	1
13540	0	1474786	1
13540	0	2338163	1
13540	0	1872080	1
13540	0	2024643	1
13540	0	1660335	1
13540	0	809701	1
13540	0	1562063	1
13540	0	190213	1
13540	0	828179	1
13540	0	657020	1
13540	0	911619	1
13540	0	1095617	1
13540	0	674599	1
13540	0	1711337	1
13540	0	111894	1
13540	0	460838	1
13540	0	87045	1
13540	0	2083184	1
13540	0	1893610	1
13540	0	90193	1
13540	0	1747494	1
13540	0	1877340	1
13540	0	578578	1
13540	0	922878	1
13540	0	1560454	1
13540	0	2035989	1
13540	0	2244624	1
13540	0	1018335	1
13540	0	1164564	1
13540	0	1338991	1
13540	0	1275196	1
13540	0	1238621	1
13540	0	498267	1
13540	0	1570916	1
13540	0	1537604	1
13540	0	677727	1
13540	0	1068019	1
13540	0	312318	1
13540	0	1808305	1
13540	0	2365154	1
13540	0	938210	1
13540	0	1874311	1
13540	0	1094861	1
13540	0	81830	1
13540	0	949661	1
13540	0	2297715	1
13540	0	2091734	1
13540	0	948143	1
13540	0	1623784	1
13540	0	147914	1
13540	0	287987	1
13540	0	1033500	1
13540	0	477284	1
13540	0	2146215	1
13540	0	1149699	1
13540	0	184893	1
13540	0	2201459	1
13540	0	2172170	1
13540	0	423511	1
13540	0	1597414	1
13540	0	1904809	1
13540	0	1739060	1
13540	0	1444209	1
13540	0	1716321	1
13540	0	467882	1
13540	0	326533	1
13540	0	752698	1
13540	0	861635	1
13540	0	781889	1
13540	0	238597	1
13540	0	238482	1
13540	0	302684	1
13540	0	1674518	1
13540	0	857208	1
13540	0	926286	1
13540	0	1642530	1
13540	0	2449061	1
13540	0	1720714	1
13540	0	837933	1
13540	0	1886150	1
13540	0	1288587	1
13540	0	727778	1
13540	0	432013	1
13540	0	639877	1
13540	0	228641	1
13540	0	1592560	1
13540	0	1174340	1
13540	0	1397139	1
13540	0	730602	1
13540	0	1609028	1
13540	0	213002	1
13540	0	1237856	1
13540	0	289967	1
13540	0	1792145	1
13540	0	1247820	1
13540	0	849706	1
13540	0	735886	1
13540	0	1267376	1
13540	0	226763	1
13540	0	586767	1
13540	0	90659	1
13540	0	2233981	1
13540	0	1674515	1
13540	0	1990358	1
13540	0	1746302	1
13540	0	663758	1
13540	0	743043	1
13540	0	836460	1
13540	0	119765	1
13540	0	1021926	1
13540	0	2258922	1
13540	0	534738	1
13540	0	1978085	1
13540	0	258284	1
13540	0	969781	1
13540	0	1056265	1
13540	0	353472	1
13540	0	886907	1
13540	0	987277	1
13540	0	1161030	1
13540	0	1328379	1
13540	0	1777687	1
13540	0	1273421	1
13540	0	972407	1
13540	0	487011	1
13540	0	446422	1
13540	0	1110881	1
13540	0	504263	1
13540	0	963823	1
13540	0	1024099	1
13540	0	189557	1
13540	0	337857	1
13540	0	1944419	1
13540	0	960411	1
13540	0	1418058	1
13540	0	1462172	1
13540	0	588812	1
13540	0	151755	1
13540	0	636471	1
13540	0	270146	1
13540	0	1669203	1
13540	0	165180	1
13540	0	869954	1
13540	0	130477	1
13540	0	1106311	1
13540	0	1281075	1
13540	0	910653	1
13540	0	282697	1
13540	0	2317649	1
13540	0	1037915	1
13540	0	135280	1
13540	0	679331	1
13540	0	399929	1
13540	0	2099032	1
13540	0	1869536	1
13540	0	280956	1
13540	0	286659	1
13540	0	1577079	1
13540	0	611817	1
13540	0	864340	1
13540	0	71636	1
13540	0	1453225	1
13540	0	470350	1
13540	0	2290968	1
13540	0	1746062	1
13540	0	1511038	1
13540	0	1955194	1
13540	0	929256	1
13540	0	1435784	1
13540	0	1259204	1
13540	0	815366	1
13540	0	1269288	1
13540	0	302170	1
13540	0	1077972	1
13540	0	1833858	1
13540	0	2137686	1
13540	0	1695738	1
13540	0	652465	1
13540	0	1225776	1
13540	0	2080897	1
13540	0	76110	1
13540	0	1167568	1
13540	0	2133142	1
13540	0	951066	1
13540	0	2330596	1
13540	0	610825	1
13540	0	278594	1
13540	0	508685	1
13540	0	2255076	1
13540	0	1117723	1
13540	0	495125	1
13540	0	1441781	1
13540	0	103552	1
13540	0	1851245	1
13540	0	283081	1
13540	0	132263	1
13540	0	90451	1
13540	0	1237851	1
13540	0	149957	1
13540	0	1014041	1
13540	0	285924	1
13540	0	899573	1
13540	0	197239	1
13540	0	174765	1
13540	0	544456	1
13540	0	525282	1
13540	0	1815798	1
13540	0	711960	1
13540	0	949765	1
13540	0	1666573	1
13540	0	805032	1
13540	0	935354	1
13540	0	835276	1
13540	0	1123743	1
13540	0	164573	1
13540	0	104713	1
13540	0	407357	1
13540	0	1047159	1
13540	0	284312	1
13540	0	731908	1
13540	0	1029157	1
13540	0	1510206	1
13540	0	1195853	1
13540	0	177606	1
13540	0	840374	1
13540	0	280951	1
13540	0	2015340	1
13540	0	284351	1
13540	0	1624480	1
13540	0	1426431	1
13540	0	1602292	1
13540	0	751633	1
13540	0	1680262	1
13540	0	307755	1
13540	0	1587489	1
13540	0	856958	1
13540	0	1081107	1
13540	0	557011	1
13540	0	1334067	1
13540	0	1537615	1
13540	0	1577141	1
13540	0	1925081	1
13540	0	212868	1
13540	0	1341637	1
13540	0	1083550	1
13540	0	1279705	1
13540	0	876660	1
13540	0	1138936	1
13540	0	992389	1
13540	0	716934	1
13540	0	362162	1
13540	0	72701	1
13540	0	1469727	1
13540	0	2321563	1
13540	0	1890114	1
13540	0	587942	1
13540	0	2283421	1
13540	0	409654	1
13540	0	1351292	1
13540	0	518862	1
13540	0	1411264	1
13540	0	1391107	1
13540	0	1900915	1
13540	0	1578618	1
13540	0	2065990	1
13540	0	27833	1
13540	0	954281	1
13540	0	510577	1
13540	0	2255620	1
13540	0	1092636	1
13540	0	1990998	1
13540	0	885666	1
13540	0	1251468	1
13540	0	819594	1
13540	0	2039920	1
13540	0	860972	1
13540	0	1640804	1
13540	0	1374036	1
13540	0	808565	1
13540	0	279884	1
13540	0	1551483	1
13540	0	2383597	1
13540	0	327998	1
13540	0	786249	1
13540	0	243457	1
13540	0	675386	1
13540	0	631259	1
13540	0	988619	1
13540	0	2002459	1
13540	0	847375	1
13540	0	1407437	1
13540	0	2425219	1
13540	0	1096559	1
13540	0	148110	1
13540	0	1108786	1
13540	0	500329	1
13540	0	1129163	1
13540	0	1140697	1
13540	0	13544	1
13540	0	1489220	1
13540	0	2093007	1
13540	0	973415	1
13540	0	273522	1
13540	0	103713	1
13540	0	1820393	1
13540	0	898652	1
13540	0	200582	1
13540	0	528624	1
13540	0	1876481	1
13540	0	813928	1
13540	0	1595032	1
13540	0	920208	1
13540	0	1552893	1
13540	0	961570	1
13540	0	1366828	1
13540	0	304702	1
13540	0	2366824	1
13540	0	545824	1
13540	0	1268117	1
13540	0	1094943	1
13540	0	2223891	1
13540	0	2224407	1
13540	0	1956349	1
13540	0	2349477	1
13540	0	144680	1
13540	0	284984	1
13540	0	574686	1
13540	0	1166641	1
13540	0	1615962	1
13540	0	13545	1
13540	0	1299393	1
13540	0	645245	1
13540	0	707967	1
13540	0	826233	1
13540	0	1688170	1
13540	0	1282043	1
13540	0	1231837	1
13540	0	678221	1
13540	0	2048720	1
13540	0	205944	1
13540	0	234129	1
13540	0	556544	1
13540	0	1182142	1
13540	0	671454	1
13540	0	390298	1
13540	0	1978929	1
13540	0	323224	1
13540	0	1232795	1
13540	0	1020632	1
13540	0	296028	1
13540	0	707392	1
13540	0	2209906	1
13540	0	926165	1
13540	0	1597455	1
13540	0	2037487	1
13540	0	1321605	1
13540	0	1668693	1
13540	0	2026066	1
13540	0	665636	1
13540	0	292395	1
13540	0	694637	1
13540	0	301175	1
13540	0	392876	1
13540	0	751105	1
13540	0	181379	1
13540	0	263914	1
13540	0	995991	1
13540	0	1504255	1
13540	0	1701714	1
13540	0	1363676	1
13540	0	1323623	1
13540	0	443660	1
13540	0	401558	1
13540	0	284239	1
13540	0	1306855	1
13540	0	839534	1
13540	0	1578245	1
13540	0	1477432	1
13540	0	689901	1
13540	0	735835	1
13540	0	698402	1
13540	0	324633	1
13540	0	79097	1
13540	0	1010823	1
13540	0	240427	1
13540	0	829048	1
13540	0	1031362	1
13540	0	2022772	1
13540	0	749248	1
13540	0	282671	1
13540	0	1492208	1
13540	0	877299	1
13540	0	76529	1
13540	0	1193748	1
13540	0	250579	1
13540	0	2211790	1
13540	0	193105	1
13540	0	2233251	1
13540	0	211706	1
13540	0	867774	1
13540	0	1025136	1
13540	0	1606674	1
13540	0	887006	1
13540	0	1420742	1
13540	0	474170	1
13540	0	2149470	1
13540	0	933985	1
13540	0	1152578	1
13540	0	539310	1
13540	0	393002	1
13540	0	988563	1
13540	0	1563640	1
13540	0	2095596	1
13540	0	1330253	1
13540	0	1109956	1
13540	0	1407074	1
13540	0	120801	1
13540	0	2116939	1
13540	0	398592	1
13540	0	1181743	1
13540	0	888092	1
13540	0	1213981	1
13540	0	1945946	1
13540	0	1000407	1
13540	0	506419	1
13540	0	2068776	1
13540	0	2323293	1
13540	0	1220056	1
13540	0	1093374	1
13540	0	2286645	1
13540	0	276580	1
13540	0	2359033	1
13540	0	477495	1
13540	0	283210	1
13540	0	1148754	1
13540	0	392793	1
13540	0	1332261	1
13540	0	1581562	1
13540	0	861122	1
13540	0	1047639	1
13540	0	619077	1
13540	0	630831	1
13540	0	2350052	1
13540	0	1554657	1
13540	0	1340178	1
13540	0	981974	1
13540	0	77763	1
13540	0	1906741	1
13540	0	404133	1
13540	0	2105875	1
13540	0	290553	1
13540	0	92722	1
13540	0	419894	1
13540	0	874963	1
13540	0	279091	1
13540	0	2329088	1
13540	0	650480	1
13540	0	671794	1
13540	0	1571747	1
13540	0	1740175	1
13540	0	187764	1
13540	0	1005628	1
13540	0	458878	1
13540	0	1833176	1
13540	0	617464	1
13540	0	610645	1
13540	0	1094461	1
13540	0	1915142	1
13540	0	277435	1
13540	0	777305	1
13540	0	1301671	1
13540	0	1042107	1
13540	0	406545	1
13540	0	584477	1
13540	0	593231	1
13540	0	368265	1
13540	0	1329476	1
13540	0	139324	1
13540	0	2038787	1
13540	0	381524	1
13540	0	450702	1
13540	0	2271404	1
13540	0	1649629	1
13540	0	96925	1
13540	0	901081	1
13540	0	907944	1
13540	0	1400268	1
13540	0	745833	1
13540	0	1366269	1
13540	0	672765	1
13540	0	1080861	1
13540	0	1076233	1
13540	0	454428	1
13540	0	711574	1
13540	0	947318	1
13540	0	681404	1
13540	0	286098	1
13540	0	1267131	1
13540	0	744826	1
13540	0	1150221	1
13540	0	143042	1
13540	0	241815	1
13540	0	2318213	1
13540	0	1754762	1
13540	0	574217	1
13540	0	1539662	1
13540	0	681998	1
13540	0	854457	1
13540	0	1033694	1
13540	0	741337	1
13540	0	2111297	1
13540	0	93465	1
13540	0	732711	1
13540	0	2190821	1
13540	0	79158	1
13540	0	655165	1
13540	0	333130	1
13540	0	6078	1
13540	0	1079687	1
13540	0	1856363	1
13540	0	1754097	1
13540	0	1208504	1
13540	0	486954	1
13540	0	2028550	1
13540	0	744929	1
13540	0	1573017	1
13540	0	1608566	1
13540	0	1188064	1
13540	0	1257544	1
13540	0	359394	1
13540	0	549985	1
13540	0	324267	1
13540	0	284836	1
13540	0	627714	1
13540	0	908488	1
13540	0	895656	1
13540	0	314991	1
13540	0	1443165	1
13540	0	1197001	1
13540	0	902162	1
13540	0	202565	1
13540	0	1227080	1
13540	0	1247055	1
13540	0	308659	1
13540	0	709073	1
13540	0	644675	1
13540	0	887361	1
13540	0	208581	1
13540	0	280610	1
13540	0	356952	1
13540	0	712501	1
13540	0	610430	1
13540	0	1192827	1
13540	0	862865	1
13540	0	2393187	1
13540	0	863588	1
13540	0	755239	1
13540	0	2275522	1
13540	0	1510651	1
13540	0	523208	1
13540	0	1501960	1
13540	0	691316	1
13540	0	1452759	1
13540	0	1803285	1
13540	0	624861	1
13540	0	657531	1
13540	0	1512246	1
13540	0	832916	1
13540	0	1849123	1
13540	0	897950	1
13540	0	1046919	1
13540	0	199194	1
13540	0	390498	1
13540	0	543371	1
13540	0	2359841	1
13540	0	2366652	1
13540	0	1878986	1
13540	0	1750587	1
13540	0	104031	1
13540	0	634691	1
13540	0	424989	1
13540	0	544534	1
13540	0	745734	1
13540	0	911962	1
13540	0	2384348	1
13540	0	736676	1
13540	0	273307	1
13540	0	1915685	1
13540	0	1788467	1
13540	0	1386988	1
13540	0	2109508	1
13540	0	528415	1
13540	0	1584653	1
13540	0	777344	1
13540	0	185178	1
13540	0	1607513	1
13540	0	828291	1
13540	0	697389	1
13540	0	279936	1
13540	0	990593	1
13540	0	465757	1
13540	0	981512	1
13540	0	1198157	1
13540	0	1672032	1
13540	0	885757	1
13540	0	155629	1
13540	0	2090886	1
13540	0	1675690	1
13540	0	1897849	1
13540	0	807251	1
13540	0	1453150	1
13540	0	1254671	1
13540	0	430426	1
13540	0	2037404	1
13540	0	1121343	1
13540	0	1044204	1
13540	0	2285718	1
13540	0	299221	1
13540	0	284599	1
13540	0	462427	1
13540	0	2289057	1
13540	0	1589615	1
13540	0	1999981	1
13540	0	1896062	1
13540	0	684005	1
13540	0	507656	1
13540	0	499735	1
13540	0	882700	1
13540	0	2223914	1
13540	0	127663	1
13540	0	1039854	1
13540	0	1886901	1
13540	0	2316118	1
13540	0	406492	1
13540	0	137752	1
13540	0	1704301	1
13540	0	1438838	1
13540	0	1720756	1
13540	0	1510318	1
13540	0	705748	1
13540	0	1528299	1
13540	0	2192563	1
13540	0	1239180	1
13540	0	1622281	1
13540	0	1642921	1
13540	0	1820313	1
13540	0	1254219	1
13540	0	75616	1
13540	0	730551	1
13540	0	810049	1
13540	0	1645951	1
13540	0	957292	1
13540	0	966632	1
13540	0	898221	1
13540	0	148440	1
13540	0	1556770	1
13540	0	143734	1
13540	0	856960	1
13540	0	1156178	1
13540	0	892667	1
13540	0	389838	1
13540	0	903289	1
13540	0	1680794	1
13540	0	1784424	1
13540	0	408915	1
13540	0	123485	1
13540	0	285002	1
13540	0	100060	1
13540	0	1656968	1
13540	0	809298	1
13540	0	1600237	1
13540	0	918367	1
13540	0	1006364	1
13540	0	1443990	1
13540	0	2203014	1
13540	0	1622183	1
13540	0	2101	1
13540	0	219155	1
13540	0	457183	1
13540	0	171471	1
13540	0	1041435	1
13540	0	542760	1
13540	0	1191974	1
13540	0	285281	1
13540	0	451627	1
13540	0	1465043	1
13540	0	1953168	1
13540	0	658393	1
13540	0	1759799	1
13540	0	920217	1
13540	0	2069077	1
13540	0	183790	1
13540	0	282527	1
13540	0	1742717	1
13540	0	1300237	1
13540	0	1054352	1
13540	0	1533073	1
13540	0	2450712	1
13540	0	1724355	1
13540	0	1195732	1
13540	0	893788	1
13540	0	84413	1
13540	0	1701018	1
13540	0	30006	1
13540	0	1701650	1
13540	0	119186	1
13540	0	1102580	1
13540	0	452845	1
13540	0	996044	1
13540	0	1641190	1
13540	0	1230139	1
13540	0	215003	1
13540	0	844818	1
13540	0	1307149	1
13540	0	314201	1
13540	0	1863421	1
13540	0	1174167	1
13540	0	155861	1
13540	0	2262091	1
13540	0	745155	1
13540	0	2072391	1
13540	0	175409	1
13540	0	601695	1
13540	0	1403906	1
13540	0	355680	1
13540	0	901083	1
13540	0	142517	1
13540	0	2336567	1
13540	0	174078	1
13540	0	1376514	1
13540	0	1351494	1
13540	0	856059	1
13540	0	2160646	1
13540	0	259792	1
13540	0	1664540	1
13540	0	873920	1
13540	0	1084329	1
13540	0	1928197	1
13540	0	2343555	1
13540	0	289258	1
13540	0	146303	1
13540	0	719137	1
13540	0	1259410	1
13540	0	317671	1
13540	0	504246	1
13540	0	935443	1
13540	0	1279592	1
13540	0	2267675	1
13540	0	285906	1
13540	0	350623	1
13540	0	1865679	1
13540	0	1444655	1
13540	0	1400319	1
13540	0	999108	1
13540	0	657865	1
13540	0	1109307	1
13540	0	1636831	1
13540	0	355520	1
13540	0	1349839	1
13540	0	1232355	1
13540	0	1843744	1
13540	0	333641	1
13540	0	2248294	1
13540	0	1663412	1
13540	0	676357	1
13540	0	1608017	1
13540	0	1866637	1
13540	0	114587	1
13540	0	1742113	1
13540	0	181941	1
13540	0	301685	1
13540	0	777295	1
13540	0	595302	1
13540	0	38660	1
13540	0	1768913	1
13540	0	532947	1
13540	0	980592	1
13540	0	1199596	1
13540	0	1444773	1
13540	0	186176	1
13540	0	892753	1
13540	0	146923	1
13540	0	917775	1
13540	0	1094514	1
13540	0	927839	1
13540	0	841590	1
13540	0	144550	1
13540	0	1957276	1
13540	0	689989	1
13540	0	77612	1
13540	0	2290571	1
13540	0	161103	1
13540	0	2091521	1
13540	0	1978843	1
13540	0	1022697	1
13540	0	930875	1
13540	0	638131	1
13540	0	2396523	1
13540	0	506010	1
13540	0	1486384	1
13540	0	278659	1
13540	0	947572	1
13540	0	542504	1
13540	0	376329	1
13540	0	927522	1
13540	0	144340	1
13540	0	717147	1
13540	0	1311364	1
13540	0	103603	1
13540	0	389258	1
13540	0	2166828	1
13540	0	1088272	1
13540	0	402475	1
13540	0	1842600	1
13540	0	757641	1
13540	0	319040	1
13540	0	2012105	1
13540	0	575401	1
13540	0	868486	1
13540	0	222001	1
13540	0	483606	1
13540	0	1755108	1
13540	0	273157	1
13540	0	1279023	1
13540	0	1181214	1
13540	0	1723552	1
13540	0	1627050	1
13540	0	742138	1
13540	0	1370212	1
13540	0	2053286	1
13540	0	969526	1
13540	0	762437	1
13540	0	1068400	1
13540	0	276367	1
13540	0	2214769	1
13540	0	911765	1
13540	0	921376	1
13540	0	800843	1
13540	0	2160453	1
13540	0	1193447	1
13540	0	280928	1
13540	0	595698	1
13540	0	1807862	1
13540	0	679594	1
13540	0	417111	1
13540	0	735728	1
13540	0	1662944	1
13540	0	1969993	1
13540	0	868312	1
13540	0	1043146	1
13540	0	1869693	1
13540	0	574906	1
13540	0	2345730	1
13540	0	854671	1
13540	0	1485859	1
13540	0	1797824	1
13540	0	1519576	1
13540	0	1331378	1
13540	0	1221088	1
13540	0	2308805	1
13540	0	350296	1
13540	0	924026	1
13540	0	1451103	1
13540	0	899429	1
13540	0	1194435	1
13540	0	824126	1
13540	0	470861	1
13540	0	1644868	1
13540	0	1383154	1
13540	0	1861665	1
13540	0	1559358	1
13540	0	81989	1
13540	0	796423	1
13540	0	1239004	1
13540	0	168311	1
13540	0	822625	1
13540	0	2414742	1
13540	0	99436	1
13540	0	1536759	1
13540	0	280550	1
13540	0	1231538	1
13540	0	116208	1
13540	0	1243451	1
13540	0	127494	1
13540	0	478614	1
13540	0	443829	1
13540	0	1828527	1
13540	0	1467096	1
13540	0	759617	1
13540	0	1139668	1
13540	0	1178639	1
13540	0	1366960	1
13540	0	1857702	1
13540	0	546873	1
13540	0	711122	1
13540	0	546015	1
13540	0	375072	1
13540	0	2028604	1
13540	0	2247098	1
13540	0	450319	1
13540	0	2003558	1
13540	0	1498378	1
13540	0	1177049	1
13540	0	1872573	1
13540	0	1812970	1
13540	0	1186663	1
13540	0	1912944	1
13540	0	97121	1
13540	0	715602	1
13540	0	1701543	1
13540	0	952949	1
13540	0	494626	1
13540	0	286118	1
13540	0	906751	1
13540	0	282791	1
13540	0	743539	1
13540	0	646738	1
13540	0	2010074	1
13540	0	721820	1
13540	0	779131	1
13540	0	850706	1
13540	0	946199	1
13540	0	1390561	1
13540	0	953992	1
13540	0	1968003	1
13540	0	153844	1
13540	0	2032247	1
13540	0	1659514	1
13540	0	744558	1
13540	0	1287713	1
13540	0	799760	1
13540	0	1236839	1
13540	0	920054	1
13540	0	1745737	1
13540	0	864926	1
13540	0	979932	1
13540	0	1098171	1
13540	0	501269	1
13540	0	214863	1
13540	0	304984	1
13540	0	1374800	1
13540	0	1155615	1
13540	0	1071477	1
13540	0	1557557	1
13540	0	1039493	1
13540	0	144803	1
13540	0	1016709	1
13540	0	553571	1
13540	0	697089	1
13540	0	886803	1
13540	0	1397220	1
13540	0	2027285	1
13540	0	1103962	1
13540	0	2237038	1
13540	0	276196	1
13540	0	418058	1
13540	0	110859	1
13540	0	2247413	1
13540	0	823243	1
13540	0	905008	1
13540	0	140489	1
13540	0	1788177	1
13540	0	1378935	1
13540	0	662265	1
13540	0	735687	1
13540	0	1110142	1
13540	0	734012	1
13540	0	1483868	1
13540	0	1190710	1
13540	0	1044790	1
13540	0	577849	1
13540	0	1090764	1
13540	0	1822614	1
13540	0	720372	1
13540	0	246574	1
13540	0	1494202	1
13540	0	1018003	1
13540	0	682922	1
13540	0	1969476	1
13540	0	258662	1
13540	0	1419981	1
13540	0	1371362	1
13540	0	841655	1
13540	0	212791	1
13540	0	1306831	1
13540	0	842221	1
13540	0	1689079	1
13540	0	964138	1
13540	0	1828010	1
13540	0	1618977	1
13540	0	1223940	1
13540	0	1536110	1
13540	0	420320	1
13540	0	1061604	1
13540	0	1159468	1
13540	0	148937	1
13540	0	1347084	1
13540	0	708757	1
13540	0	1824556	1
13540	0	812448	1
13540	0	487228	1
13540	0	372931	1
13540	0	630938	1
13540	0	1219596	1
13540	0	2034474	1
13540	0	1241571	1
13540	0	877776	1
13540	0	2015597	1
13540	0	773983	1
13540	0	1626924	1
13540	0	831298	1
13540	0	947587	1
13540	0	813281	1
13540	0	878413	1
13540	0	675276	1
13540	0	1720396	1
13540	0	821117	1
13540	0	1719373	1
13540	0	878479	1
13540	0	495140	1
13540	0	1737255	1
13540	0	1448367	1
13540	0	1614115	1
13540	0	1120734	1
13540	0	1359962	1
13540	0	278494	1
13540	0	1962076	1
13540	0	237503	1
13540	0	1020655	1
13540	0	148426	1
13540	0	1267296	1
13540	0	131736	1
13540	0	145259	1
13540	0	845985	1
13540	0	615830	1
13540	0	892870	1
13540	0	947864	1
13540	0	1034122	1
13540	0	283214	1
13540	0	817738	1
13540	0	478579	1
13540	0	326370	1
13540	0	1945093	1
13540	0	1432780	1
13540	0	914873	1
13540	0	1109158	1
13540	0	131908	1
13540	0	161258	1
13540	0	594759	1
13540	0	1025285	1
13540	0	966702	1
13540	0	89996	1
13540	0	291288	1
13540	0	898850	1
13540	0	93262	1
13540	0	174182	1
13540	0	181067	1
13540	0	1592862	1
13540	0	847455	1
13540	0	1411989	1
13540	0	1286312	1
13540	0	2114437	1
13540	0	753703	1
13540	0	984951	1
13540	0	1067009	1
13540	0	1141229	1
13540	0	169055	1
13540	0	1909967	1
13540	0	676827	1
13540	0	154685	1
13540	0	807365	1
13540	0	1075864	1
13540	0	1869209	1
13540	0	1251371	1
13540	0	1327046	1
13540	0	699371	1
13540	0	31382	1
13540	0	1983636	1
13540	0	1649258	1
13540	0	436579	1
13540	0	1631737	1
13540	0	296265	1
13540	0	736204	1
13540	0	606615	1
13540	0	829123	1
13540	0	951052	1
13540	0	1289630	1
13540	0	248849	1
13540	0	1569674	1
13540	0	332757	1
13540	0	870181	1
13540	0	278579	1
13540	0	1988780	1
13540	0	707248	1
13540	0	574975	1
13540	0	394073	1
13540	0	324521	1
13540	0	743918	1
13540	0	286541	1
13540	0	1068503	1
13540	0	145790	1
13540	0	1087606	1
13540	0	453805	1
13540	0	1491727	1
13540	0	1267545	1
13540	0	367995	1
13540	0	1851045	1
13540	0	889946	1
13540	0	1513952	1
13540	0	279937	1
13540	0	2233792	1
13540	0	1207506	1
13540	0	1905888	1
13540	0	2337609	1
13540	0	1096147	1
13540	0	1573806	1
13540	0	363883	1
13540	0	1674283	1
13540	0	1832350	1
13540	0	286215	1
13540	0	1208882	1
13540	0	710598	1
13540	0	1374822	1
13540	0	457753	1
13540	0	366407	1
13540	0	480300	1
13540	0	1473767	1
13540	0	518682	1
13540	0	1429331	1
13540	0	666468	1
13540	0	435219	1
13540	0	173279	1
13540	0	628636	1
13540	0	1728648	1
13540	0	877421	1
13540	0	2236390	1
13540	0	511442	1
13540	0	99278	1
13540	0	951662	1
13540	0	1298877	1
13540	0	2228094	1
13540	0	2036734	1
13540	0	1707913	1
13540	0	1294164	1
13540	0	1780820	1
13540	0	1377516	1
13540	0	1782343	1
13540	0	601963	1
13540	0	200470	1
13540	0	2231381	1
13540	0	1454483	1
13540	0	1394903	1
13540	0	1653677	1
13540	0	1279006	1
13540	0	567572	1
13540	0	556845	1
13540	0	1088040	1
13540	0	847102	1
13540	0	1714155	1
13540	0	815699	1
13540	0	1412923	1
13540	0	883833	1
13540	0	633683	1
13540	0	562007	1
13540	0	525669	1
13540	0	1674504	1
13540	0	1836127	1
13540	0	1319429	1
13540	0	2085833	1
13540	0	2292590	1
13540	0	556886	1
13540	0	1165234	1
13540	0	573630	1
13540	0	688025	1
13540	0	1225747	1
13540	0	285356	1
13540	0	278123	1
13540	0	2225109	1
13540	0	585580	1
13540	0	1480886	1
13540	0	837567	1
13540	0	623294	1
13540	0	1165770	1
13540	0	2392233	1
13540	0	840113	1
13540	0	1935529	1
13540	0	635319	1
13540	0	1485013	1
13540	0	408514	1
13540	0	119975	1
13540	0	877095	1
13540	0	895756	1
13540	0	1117446	1
13540	0	312323	1
13540	0	463058	1
13540	0	1398477	1
13540	0	895920	1
13540	0	864775	1
13540	0	2301155	1
13540	0	1194470	1
13540	0	854215	1
13540	0	2310132	1
13540	0	2385135	1
13540	0	919793	1
13540	0	1912171	1
13540	0	2364775	1
13540	0	1116033	1
13540	0	1118272	1
13540	0	1522007	1
13540	0	573700	1
13540	0	1615981	1
13540	0	503374	1
13540	0	1632490	1
13540	0	418935	1
13540	0	1385853	1
13540	0	1225222	1
13540	0	312320	1
13540	0	1466126	1
13540	0	952357	1
13540	0	258063	1
13540	0	1717466	1
13540	0	498569	1
13540	0	580754	1
13540	0	1043524	1
13540	0	764508	1
13540	0	1042385	1
13540	0	1282673	1
13540	0	2084450	1
13540	0	825719	1
13540	0	300602	1
13540	0	286852	1
13540	0	1784720	1
13540	0	129222	1
13540	0	789000	1
13540	0	192829	1
13540	0	1722656	1
13540	0	1918151	1
13540	0	1683884	1
13540	0	2030472	1
13540	0	352760	1
13540	0	1292177	1
13540	0	1552680	1
13540	0	2271913	1
13540	0	1677320	1
13540	0	1075029	1
13540	0	259932	1
13540	0	1367004	1
13540	0	487653	1
13540	0	1697539	1
13540	0	938556	1
13540	0	629216	1
13540	0	691148	1
13540	0	1399353	1
13540	0	267895	1
13540	0	2355771	1
13540	0	285787	1
13540	0	2292527	1
13540	0	942529	1
13540	0	219092	1
13540	0	1246528	1
13540	0	849986	1
13540	0	1275355	1
13540	0	612943	1
13540	0	300282	1
13540	0	120737	1
13540	0	1412818	1
13540	0	308854	1
13540	0	1110381	1
13540	0	1456709	1
13540	0	769349	1
13540	0	2300914	1
13540	0	533514	1
13540	0	2020236	1
13540	0	1757776	1
13540	0	161983	1
13540	0	568232	1
13540	0	514330	1
13540	0	78899	1
13540	0	1158463	1
13540	0	824611	1
13540	0	728130	1
13540	0	515955	1
13540	0	1468696	1
13540	0	2312144	1
13540	0	402497	1
13540	0	519198	1
13540	0	2242948	1
13540	0	581315	1
13540	0	1313229	1
13540	0	1046899	1
13540	0	700372	1
13540	0	1798182	1
13540	0	1244305	1
13540	0	1597989	1
13540	0	151819	1
13540	0	810837	1
13540	0	700653	1
13540	0	2277920	1
13540	0	1270141	1
13540	0	1780772	1
13540	0	1801892	1
13540	0	2103827	1
13540	0	956861	1
13540	0	148425	1
13540	0	652726	1
13540	0	109074	1
13540	0	2075531	1
13540	0	259870	1
13540	0	691141	1
13540	0	339298	1
13540	0	256210	1
13540	0	1666714	1
13540	0	2212065	1
13540	0	227705	1
13540	0	143486	1
13540	0	146592	1
13540	0	2110866	1
13540	0	609330	1
13540	0	317032	1
13540	0	142102	1
13540	0	907355	1
13540	0	1872643	1
13540	0	2339238	1
13540	0	267222	1
13540	0	400966	1
13540	0	490630	1
13540	0	1342637	1
13540	0	1049596	1
13540	0	1049961	1
13540	0	528132	1
13540	0	1127175	1
13540	0	227136	1
13540	0	657624	1
13540	0	423244	1
13540	0	280990	1
13540	0	325459	1
13540	0	283180	1
13540	0	2318308	1
13540	0	170713	1
13540	0	913474	1
13540	0	725550	1
13540	0	1574837	1
13540	0	1229231	1
13540	0	1298484	1
13540	0	411049	1
13540	0	167192	1
13540	0	316294	1
13540	0	283737	1
13540	0	2046755	1
13540	0	1006583	1
13540	0	1141317	1
13540	0	856486	1
13540	0	1044690	1
13540	0	2057186	1
13540	0	1520182	1
13540	0	284975	1
13540	0	1875558	1
13540	0	233055	1
13540	0	288124	1
13540	0	1958864	1
13540	0	1685392	1
13540	0	297602	1
13540	0	1773321	1
13540	0	1615639	1
13540	0	1570649	1
13540	0	427307	1
13540	0	1419988	1
13540	0	682468	1
13540	0	1242178	1
13540	0	1822095	1
13540	0	1004367	1
13540	0	1241932	1
13540	0	71055	1
13540	0	1142430	1
13540	0	176838	1
13540	0	942340	1
13540	0	742185	1
13540	0	1819430	1
13540	0	285276	1
13540	0	490865	1
13540	0	2419782	1
13540	0	1404893	1
13540	0	285244	1
13540	0	705373	1
13540	0	267181	1
13540	0	953166	1
13540	0	312130	1
13540	0	1223727	1
13540	0	1981250	1
13540	0	1118092	1
13540	0	1454820	1
13540	0	1777376	1
13540	0	1716337	1
13540	0	444166	1
13540	0	641982	1
13540	0	441416	1
13540	0	1114903	1
13540	0	1392314	1
13540	0	703431	1
13540	0	350509	1
13540	0	993980	1
13540	0	455027	1
13540	0	508823	1
13540	0	1172086	1
13540	0	268799	1
13540	0	1250211	1
13540	0	1495815	1
13540	0	883763	1
13540	0	2215273	1
13540	0	965782	1
13540	0	6326	1
13540	0	324131	1
13540	0	408148	1
13540	0	1621216	1
13540	0	432756	1
13540	0	399144	1
13540	0	685984	1
13540	0	575519	1
13540	0	1745756	1
13540	0	2156734	1
13540	0	1545187	1
13540	0	1068246	1
13540	0	1493536	1
13540	0	182930	1
13540	0	251852	1
13540	0	607550	1
13540	0	1049460	1
13540	0	442420	1
13540	0	803812	1
13540	0	193968	1
13540	0	228761	1
13540	0	1216033	1
13540	0	1585029	1
13540	0	895667	1
13540	0	892473	1
13540	0	1221208	1
13540	0	1164247	1
13540	0	424466	1
13540	0	279745	1
13540	0	917157	1
13540	0	797711	1
13540	0	132636	1
13540	0	2374000	1
13540	0	1410933	1
13540	0	642841	1
13540	0	1982866	1
13540	0	71839	1
13540	0	1437513	1
13540	0	1961743	1
13540	0	571417	1
13540	0	1458854	1
13540	0	2092290	1
13540	0	1661528	1
13540	0	967800	1
13540	0	1754200	1
13540	0	523839	1
13540	0	1508893	1
13540	0	2173670	1
13540	0	283349	1
13540	0	1872421	1
13540	0	1815722	1
13540	0	886445	1
13540	0	778615	1
13540	0	558277	1
13540	0	986714	1
13540	0	2281956	1
13540	0	2239927	1
13540	0	1649417	1
13540	0	452694	1
13540	0	1842088	1
13540	0	1345787	1
13540	0	100219	1
13540	0	257901	1
13540	0	318281	1
13540	0	2083090	1
13540	0	526674	1
13540	0	351462	1
13540	0	1861339	1
13540	0	500951	1
13540	0	1654458	1
13540	0	280188	1
13540	0	814930	1
13540	0	11581	1
13540	0	986155	1
13540	0	1602422	1
13540	0	193669	1
13540	0	700829	1
13540	0	2285197	1
13540	0	1171761	1
13540	0	279522	1
13540	0	1324508	1
13540	0	2068880	1
13540	0	2151605	1
13540	0	117384	1
13540	0	1150441	1
13540	0	1966400	1
13540	0	2358301	1
13540	0	1466010	1
13540	0	1746958	1
13540	0	1356799	1
13540	0	1856246	1
13540	0	1812461	1
13540	0	1062061	1
13540	0	225296	1
13540	0	601678	1
13540	0	389779	1
13540	0	1174863	1
13540	0	1412780	1
13540	0	285358	1
13540	0	1034091	1
13540	0	1328404	1
13540	0	1042188	1
13540	0	1136876	1
13540	0	1488919	1
13540	0	1717201	1
13540	0	270523	1
13540	0	1140541	1
13540	0	603019	1
13540	0	1264287	1
13540	0	189381	1
13540	0	709952	1
13540	0	1824572	1
13540	0	715508	1
13540	0	110021	1
13540	0	267350	1
13540	0	667855	1
13540	0	1016767	1
13540	0	1583393	1
13540	0	1528811	1
13540	0	902983	1
13540	0	123154	1
13540	0	2230021	1
13540	0	2446399	1
13540	0	358593	1
13540	0	132910	1
13540	0	119142	1
13540	0	1339945	1
13540	0	385032	1
13540	0	746975	1
13540	0	1283943	1
13540	0	956226	1
13540	0	1304524	1
13540	0	1090772	1
13540	0	946997	1
13540	0	1892221	1
13540	0	2023157	1
13540	0	1566090	1
13540	0	314278	1
13540	0	1092539	1
13540	0	890438	1
13540	0	545779	1
13540	0	1756290	1
13540	0	216779	1
13540	0	843888	1
13540	0	1637309	1
13540	0	527052	1
13540	0	751112	1
13540	0	762393	1
13540	0	1356220	1
13540	0	1238735	1
13540	0	867624	1
13540	0	298545	1
13540	0	1159392	1
13540	0	960554	1
13540	0	2428075	1
13540	0	1664279	1
13540	0	1609615	1
13540	0	477079	1
13540	0	1288517	1
13540	0	406515	1
13540	0	2213176	1
13540	0	163601	1
13540	0	371137	1
13540	0	1236242	1
13540	0	2379397	1
13540	0	1569635	1
13540	0	1235020	1
13540	0	1244597	1
13540	0	1127229	1
13540	0	955305	1
13540	0	1496434	1
13540	0	715885	1
13540	0	1162908	1
13540	0	2124192	1
13540	0	385146	1
13540	0	940346	1
13540	0	1033631	1
13540	0	1603585	1
13540	0	133700	1
13540	0	324168	1
13540	0	705223	1
13540	0	213378	1
13540	0	1817690	1
13540	0	814289	1
13540	0	1631667	1
13540	0	280674	1
13540	0	1885137	1
13540	0	285049	1
13540	0	1474536	1
13540	0	1288507	1
13540	0	947981	1
13540	0	679170	1
13540	0	2042017	1
13540	0	1107431	1
13540	0	283793	1
13540	0	1799773	1
13540	0	898620	1
13540	0	1258490	1
13540	0	1633264	1
13540	0	317206	1
13540	0	253097	1
13540	0	923384	1
13540	0	571506	1
13540	0	467774	1
13540	0	652945	1
13540	0	1645290	1
13540	0	1171534	1
13540	0	429882	1
13540	0	984119	1
13540	0	559009	1
13540	0	1191081	1
13540	0	2351822	1
13540	0	454506	1
13540	0	949343	1
13540	0	212740	1
13540	0	1446764	1
13540	0	922827	1
13540	0	614825	1
13540	0	284313	1
13540	0	1071459	1
13540	0	284860	1
13540	0	1755071	1
13540	0	933039	1
13540	0	883523	1
13540	0	857911	1
13540	0	803797	1
13540	0	621508	1
13540	0	2400449	1
13540	0	1777739	1
13540	0	144245	1
13540	0	233451	1
13540	0	910443	1
13540	0	2411042	1
13540	0	800232	1
13540	0	267932	1
13540	0	2103139	1
13540	0	762826	1
13540	0	284957	1
13540	0	1666009	1
13540	0	484507	1
13540	0	90114	1
13540	0	1583117	1
13540	0	466786	1
13540	0	1710246	1
13540	0	2387025	1
13540	0	1667169	1
13540	0	1892973	1
13540	0	1058008	1
13540	0	1298187	1
13540	0	581188	1
13540	0	87221	1
13540	0	589160	1
13540	0	1850618	1
13540	0	1771485	1
13540	0	705270	1
13540	0	1637139	1
13540	0	156316	1
13540	0	484189	1
13540	0	1603531	1
13540	0	857492	1
13540	0	573470	1
13540	0	283686	1
13540	0	1150525	1
13540	0	634952	1
13540	0	390200	1
13540	0	654261	1
13540	0	1148342	1
13540	0	777852	1
13540	0	255074	1
13540	0	311755	1
13540	0	971243	1
13540	0	427154	1
13540	0	2000503	1
13540	0	1537435	1
13540	0	656965	1
13540	0	614747	1
13540	0	1087726	1
13540	0	741952	1
13540	0	671841	1
13540	0	1277294	1
13540	0	953787	1
13540	0	567514	1
13540	0	2229275	1
13540	0	1191701	1
13540	0	285365	1
13540	0	896377	1
13540	0	1791736	1
13540	0	1645883	1
13540	0	373627	1
13540	0	606101	1
13540	0	2388754	1
13540	0	2278125	1
13540	0	1779304	1
13540	0	703907	1
13540	0	1065976	1
13540	0	954267	1
13540	0	1206742	1
13540	0	285709	1
13540	0	991843	1
13540	0	1485055	1
13540	0	2194649	1
13540	0	896556	1
13540	0	477497	1
13540	0	1229900	1
13540	0	1180642	1
13540	0	955799	1
13540	0	2245559	1
13540	0	422162	1
13540	0	85544	1
13540	0	695391	1
13540	0	1591346	1
13540	0	697634	1
13540	0	222129	1
13540	0	281686	1
13540	0	1224173	1
13540	0	556290	1
13540	0	2438516	1
13540	0	2131726	1
13540	0	1014999	1
13540	0	2290255	1
13540	0	1088027	1
13540	0	730112	1
13540	0	811090	1
13540	0	367334	1
13540	0	1506965	1
13540	0	1365727	1
13540	0	1342452	1
13540	0	148196	1
13540	0	1097298	1
13540	0	1051005	1
13540	0	205180	1
13540	0	684751	1
13540	0	323215	1
13540	0	1118213	1
13540	0	592056	1
13540	0	1034279	1
13540	0	1156871	1
13540	0	689169	1
13540	0	331250	1
13540	0	1246005	1
13540	0	26797	1
13540	0	1093056	1
13540	0	1184742	1
13540	0	1395524	1
13540	0	692088	1
13540	0	1920104	1
13540	0	911991	1
13540	0	376327	1
13540	0	752434	1
13540	0	1360658	1
13540	0	775725	1
13540	0	1832941	1
13540	0	988293	1
13540	0	894847	1
13540	0	759860	1
13540	0	2075199	1
13540	0	654314	1
13540	0	354991	1
13540	0	2235512	1
13540	0	420276	1
13540	0	268236	1
13540	0	2023263	1
13540	0	490270	1
13540	0	820937	1
13540	0	777015	1
13540	0	830373	1
13540	0	1751124	1
13540	0	803724	1
13540	0	1098653	1
13540	0	522445	1
13540	0	1047222	1
13540	0	647862	1
13540	0	129416	1
13540	0	1479329	1
13540	0	1570377	1
13540	0	1699398	1
13540	0	83327	1
13540	0	506443	1
13540	0	889782	1
13540	0	1808117	1
13540	0	1342584	1
13540	0	1607914	1
13540	0	143413	1
13540	0	532206	1
13540	0	489619	1
13540	0	994644	1
13540	0	1599676	1
13540	0	943190	1
13540	0	439473	1
13540	0	1873110	1
13540	0	1254805	1
13540	0	698793	1
13540	0	959850	1
13540	0	1969180	1
13540	0	285397	1
13540	0	895643	1
13540	0	363754	1
13540	0	574246	1
13540	0	147486	1
13540	0	1083474	1
13540	0	1716231	1
13540	0	1168705	1
13540	0	1443926	1
13540	0	670373	1
13540	0	919864	1
13540	0	1794247	1
13540	0	782639	1
13540	0	1966515	1
13540	0	1568957	1
13540	0	549435	1
13540	0	501294	1
13540	0	484129	1
13540	0	1283598	1
13540	0	1655312	1
13540	0	444488	1
13540	0	1118602	1
13540	0	726045	1
13540	0	1423260	1
13540	0	1210479	1
25406	0	25406	2
25406	0	71966	1
25406	0	13326	1
25406	0	824972	1
25406	0	98993	1
25406	0	1987652	1
25406	0	21375	1
25406	0	961197	1
25406	0	849181	1
25406	0	201820	1
25406	0	1347927	1
25406	0	16918	1
25406	0	91920	1
25406	0	1796315	1
25406	0	13693	1
128282	0	128282	2
128282	0	408808	1
128282	0	695212	1
128282	0	408804	1
128282	0	100895	1
128282	0	128137	1
128282	0	410277	1
128282	0	2444569	1
128282	0	705158	1
128282	0	944311	1
128282	0	105067	1
128282	0	1256552	1
267973	0	267973	2
267973	0	652358	1
267973	0	478850	1
267973	0	674843	1
267973	0	681709	1
267973	0	814553	1
267973	0	814532	1
267973	0	1617486	1
116217	0	116217	2
116217	0	1109177	1
116217	0	76237	1
116217	0	1897051	1
116217	0	978819	1
116217	0	1436771	1
116217	0	459301	1
116217	0	774639	1
116217	0	1739311	1
116217	0	167855	1
116217	0	398082	1
16130	0	16130	2
16130	0	2046707	1
16130	0	217349	1
16130	0	71668	1
16130	0	319126	1
16130	0	71667	1
16130	0	499267	1
16130	0	378789	1
16130	0	2044674	1
16130	0	171988	1
16130	0	171996	1
16130	0	163292	1
16130	0	2433207	1
16130	0	630789	1
16130	0	402739	1
16130	0	350854	1
16130	0	1100981	1
16130	0	178782	1
16130	0	2049012	1
16130	0	325527	1
471746	0	471746	2
471746	0	1269367	1
471746	0	1003612	1
471746	0	1405419	1
471746	0	1405824	1
471746	0	1515676	1
471746	0	167584	1
471746	0	1457920	1
113000	0	113000	2
113000	0	418993	1
113000	0	225253	1
113000	0	1715861	1
113000	0	399978	1
113000	0	706466	1
87860	0	87860	2
87860	0	969401	1
87860	0	188681	1
87860	0	1915391	1
87860	0	469609	1
87860	0	618397	1
87860	0	1455807	1
87860	0	1161686	1
87860	0	1801374	1
87860	0	2256209	1
87860	0	641627	1
87860	0	1966404	1
87860	0	432783	1
87860	0	1274442	1
87860	0	2047680	1
87860	0	272707	1
87860	0	1761948	1
87860	0	493152	1
87860	0	425837	1
87860	0	469018	1
87860	0	1530543	1
87860	0	2387454	1
87860	0	1330265	1
87860	0	900284	1
87860	0	584211	1
87860	0	1923913	1
87860	0	1162957	1
87860	0	821616	1
87860	0	596641	1
87860	0	903315	1
87860	0	455077	1
87860	0	434870	1
87860	0	38525	1
87860	0	1116365	1
87860	0	510879	1
87860	0	689951	1
87860	0	315732	1
87860	0	432793	1
87860	0	613527	1
87860	0	545969	1
87860	0	1559905	1
87860	0	1378952	1
87860	0	700592	1
87860	0	483356	1
87860	0	580397	1
87860	0	490609	1
87860	0	1680966	1
87860	0	926785	1
87860	0	1054371	1
87860	0	1653541	1
87860	0	541794	1
87860	0	666064	1
87860	0	766363	1
87860	0	1599970	1
87860	0	1047896	1
87860	0	813661	1
87860	0	1916688	1
87860	0	2043899	1
87860	0	1122336	1
87860	0	2273026	1
87860	0	409924	1
87860	0	38578	1
87860	0	284171	1
87860	0	2371426	1
87860	0	1649398	1
87860	0	38513	1
87860	0	2410985	1
87860	0	475752	1
87860	0	1810381	1
87860	0	2261590	1
87860	0	772231	1
87860	0	1693088	1
87860	0	291326	1
87860	0	482019	1
87860	0	1564137	1
87860	0	437849	1
87860	0	1603095	1
87860	0	668604	1
87860	0	162779	1
87860	0	1010755	1
87860	0	59024	1
87860	0	1723199	1
87860	0	2222036	1
87860	0	897678	1
87860	0	1104911	1
87860	0	598925	1
87860	0	424270	1
87860	0	797740	1
87860	0	92298	1
87860	0	509793	1
87860	0	1477989	1
87860	0	571156	1
87860	0	2440305	1
87860	0	2036992	1
87860	0	463522	1
87860	0	1501931	1
87860	0	589336	1
87860	0	590057	1
87860	0	2035354	1
87860	0	644909	1
87860	0	1195890	1
87860	0	1882408	1
87860	0	1577178	1
87860	0	2086259	1
87860	0	1740251	1
87860	0	850193	1
87860	0	462293	1
87860	0	192485	1
87860	0	866869	1
87860	0	701287	1
87860	0	1057956	1
87860	0	896270	1
87860	0	1045273	1
87860	0	2386132	1
87860	0	1409046	1
87860	0	1863301	1
87860	0	304459	1
87860	0	22478	1
87860	0	780630	1
87860	0	616011	1
87860	0	1375281	1
87860	0	1721977	1
87860	0	154495	1
87860	0	2085350	1
87860	0	2323860	1
87860	0	973026	1
87860	0	1178157	1
87860	0	921653	1
87860	0	1508552	1
87860	0	807399	1
87860	0	439067	1
87860	0	578598	1
87860	0	1272772	1
87860	0	850209	1
87860	0	1830245	1
87860	0	885617	1
87860	0	1419796	1
87860	0	1164273	1
87860	0	1739058	1
87860	0	507795	1
87860	0	1909488	1
87860	0	1600923	1
87860	0	1797189	1
87860	0	1010821	1
87860	0	863948	1
87860	0	1688490	1
87860	0	250179	1
87860	0	2260747	1
87860	0	2102112	1
87860	0	2066896	1
87860	0	484386	1
87860	0	308287	1
87860	0	721822	1
87860	0	230665	1
87860	0	1663618	1
87860	0	1662710	1
87860	0	831688	1
87860	0	1538470	1
87860	0	521102	1
87860	0	506895	1
87860	0	2110951	1
87860	0	2197543	1
87860	0	1791858	1
87860	0	38522	1
87860	0	274966	1
87860	0	192119	1
87860	0	839731	1
87860	0	2038304	1
87860	0	38517	1
87860	0	850099	1
87860	0	284741	1
87860	0	1425745	1
87860	0	1690152	1
87860	0	571308	1
87860	0	886216	1
87860	0	1208597	1
87860	0	1566937	1
87860	0	634331	1
87860	0	506062	1
87860	0	517364	1
87860	0	1015104	1
87860	0	1472951	1
87860	0	872890	1
25983	0	25983	2
25983	0	551441	1
25983	0	1266152	1
25983	0	1240904	1
25983	0	584705	1
25983	0	1274489	1
25983	0	810049	1
25983	0	397315	1
25983	0	1266683	1
25983	0	121767	1
25983	0	653802	1
11919	0	11919	2
11919	0	1462739	1
11919	0	2087889	1
11919	0	195136	1
11919	0	1350511	1
11919	0	2226093	1
11919	0	527324	1
11919	0	1444691	1
11919	0	381686	1
11919	0	1718188	1
11919	0	219030	1
11919	0	930740	1
11919	0	1640129	1
11919	0	71861	1
11919	0	2080597	1
11919	0	428896	1
11919	0	204262	1
11919	0	1365680	1
11919	0	432956	1
11919	0	1430056	1
11919	0	2393852	1
11919	0	433050	1
11919	0	412737	1
11919	0	1493030	1
11919	0	1483873	1
11919	0	360923	1
22343	0	22343	2
22343	0	1549907	1
22343	0	369524	1
22343	0	475794	1
22343	0	1675763	1
22343	0	220133	1
22343	0	1064985	1
81083	0	81083	2
81083	0	715533	1
81083	0	247275	1
81083	0	590866	1
81083	0	1061887	1
81083	0	1546454	1
81083	0	201136	1
172877	0	172877	2
172877	0	1671472	1
172877	0	606850	1
172877	0	705635	1
172877	0	1749050	1
172877	0	719624	1
172877	0	602620	1
172877	0	601814	1
172877	0	1243959	1
7169	0	7169	2
7169	0	2082603	1
7169	0	128523	1
7169	0	75589	1
7169	0	103145	1
7169	0	128513	1
7169	0	88435	1
13690	0	13690	2
13690	0	2212685	1
13690	0	1191518	1
13690	0	1121532	1
13690	0	2163046	1
13690	0	2160218	1
8140	0	8140	2
8140	0	1118479	1
8140	0	677351	1
8140	0	1118476	1
8140	0	412150	1
8140	0	1464125	1
8140	0	83345	1
8140	0	73864	1
206019	0	206019	2
206019	0	1618701	1
206019	0	1851424	1
206019	0	543668	1
206019	0	2106838	1
206019	0	1950098	1
206019	0	539472	1
206019	0	1031327	1
104453	0	104453	2
104453	0	216411	1
104453	0	1979850	1
104453	0	419231	1
104453	0	170093	1
104453	0	757440	1
73673	0	73673	2
73673	0	1458872	1
73673	0	1188183	1
73673	0	1605097	1
73673	0	2331897	1
73673	0	1058253	1
73673	0	160292	1
73673	0	2123474	1
996687	0	996687	2
996687	0	392691	1
996687	0	1783059	1
996687	0	481952	1
996687	0	8681	1
996687	0	636781	1
121384	0	121384	2
121384	0	1062953	1
121384	0	264081	1
121384	0	780623	1
121384	0	761807	1
121384	0	948116	1
121384	0	491690	1
121384	0	706385	1
87686	0	87686	2
87686	0	2058748	1
87686	0	2296156	1
87686	0	1008719	1
87686	0	1157199	1
87686	0	2058032	1
87686	0	1296107	1
410859	0	410859	2
410859	0	933106	1
410859	0	875923	1
410859	0	1402089	1
410859	0	2397218	1
410859	0	2193366	1
108909	0	108909	2
108909	0	1221122	1
108909	0	1221120	1
108909	0	591778	1
108909	0	1238636	1
108909	0	2141042	1
108909	0	1779265	1
108909	0	1221121	1
108909	0	692288	1
108909	0	1217387	1
108909	0	591763	1
92044	0	92044	2
92044	0	585822	1
92044	0	865657	1
92044	0	857444	1
92044	0	1789224	1
92044	0	1689788	1
92044	0	305240	1
92044	0	1797320	1
92044	0	982439	1
92044	0	1290564	1
92044	0	649259	1
92044	0	907180	1
92044	0	931552	1
92044	0	970655	1
92044	0	1257547	1
92044	0	272894	1
92044	0	1409858	1
92044	0	1788421	1
92044	0	196446	1
92044	0	1051976	1
92044	0	1336714	1
92044	0	1217160	1
92044	0	1269224	1
92044	0	727339	1
92044	0	946550	1
92044	0	792776	1
92044	0	1857960	1
92044	0	1321607	1
92044	0	907208	1
92044	0	1056836	1
92044	0	1352397	1
371437	0	371437	2
371437	0	1849474	1
371437	0	995967	1
371437	0	1124233	1
371437	0	1124756	1
371437	0	1121958	1
371437	0	1116943	1
371437	0	1121557	1
371437	0	1123756	1
371437	0	29298	1
371437	0	914892	1
371437	0	1426837	1
371437	0	2005960	1
371437	0	14601	1
151303	0	151303	2
151303	0	1927825	1
151303	0	2082440	1
151303	0	2139945	1
151303	0	2451351	1
151303	0	350094	1
151303	0	2161412	1
151303	0	1083050	1
151303	0	1710511	1
151303	0	1918767	1
151303	0	1735518	1
151303	0	1126115	1
151303	0	1511211	1
151303	0	1953745	1
151303	0	1912287	1
151303	0	800361	1
151303	0	575152	1
151303	0	687803	1
151303	0	1627448	1
151303	0	282743	1
151303	0	1982375	1
151303	0	2365421	1
151303	0	172245	1
151303	0	1928318	1
151303	0	2334197	1
151303	0	534056	1
151303	0	6482	1
151303	0	962205	1
151303	0	2046943	1
151303	0	1258025	1
101626	0	101626	2
101626	0	2040141	1
101626	0	1768015	1
101626	0	2353406	1
101626	0	2009739	1
101626	0	858945	1
101626	0	1849268	1
101626	0	87381	1
101626	0	2336648	1
101626	0	2396107	1
101626	0	1280850	1
101626	0	562330	1
101626	0	414068	1
101626	0	2389681	1
101626	0	1661171	1
101626	0	1950109	1
101626	0	1532114	1
101626	0	1407617	1
79032	0	79032	2
79032	0	415591	1
79032	0	790161	1
79032	0	373395	1
79032	0	111689	1
79032	0	332966	1
17656	0	17656	2
17656	0	373938	1
17656	0	1328121	1
17656	0	1642411	1
17656	0	830257	1
17656	0	700731	1
17656	0	283675	1
17656	0	2052202	1
17656	0	293540	1
17656	0	1636634	1
17656	0	1190202	1
15514	0	15514	2
15514	0	2340248	1
15514	0	344940	1
15514	0	999071	1
15514	0	1772235	1
15514	0	1652412	1
15514	0	1274901	1
15514	0	1182665	1
15514	0	838525	1
15514	0	2253439	1
15514	0	1550201	1
15514	0	1636027	1
15514	0	1261665	1
15514	0	2287073	1
15514	0	793749	1
15514	0	1699753	1
15514	0	2240986	1
15514	0	1515374	1
15514	0	1754801	1
15514	0	1849331	1
15514	0	2357847	1
15514	0	1989953	1
15514	0	901061	1
15514	0	1450545	1
15514	0	2381958	1
15514	0	789509	1
15514	0	1611759	1
15514	0	2349353	1
15514	0	2403203	1
15514	0	1872932	1
15514	0	287276	1
15514	0	1684834	1
15514	0	1701862	1
15514	0	1882746	1
15514	0	2313132	1
15514	0	610968	1
15514	0	1565464	1
15514	0	1664365	1
15514	0	942129	1
15514	0	2358106	1
15514	0	2189524	1
15514	0	1794642	1
1254734	0	1254734	2
1254734	0	1742971	1
1254734	0	443964	1
1254734	0	1689996	1
1254734	0	1258849	1
1254734	0	929076	1
1254734	0	2160324	1
1254734	0	903353	1
1254734	0	1473775	1
1254734	0	1104467	1
1238278	0	1238278	2
1238278	0	2211704	1
1238278	0	1929235	1
1238278	0	2339202	1
1238278	0	205107	1
1238278	0	2314619	1
1238278	0	1486324	1
1238278	0	1266237	1
1238278	0	1717670	1
1238278	0	146659	1
1238278	0	1283762	1
1238278	0	2022441	1
1238278	0	234028	1
1238278	0	2008064	1
1238278	0	452331	1
1238278	0	1642847	1
1238278	0	1115134	1
1238278	0	2392789	1
1238278	0	2430679	1
1238278	0	619726	1
1238278	0	1870123	1
1238278	0	361460	1
21645	0	21645	2
21645	0	265376	1
21645	0	734044	1
21645	0	2329620	1
21645	0	80819	1
21645	0	2008887	1
21645	0	672072	1
21645	0	1425932	1
21645	0	947376	1
21645	0	481281	1
21645	0	50989	1
21645	0	2088568	1
21645	0	11286	1
21645	0	1303017	1
21645	0	619812	1
21645	0	50991	1
1280405	0	1280405	2
1280405	0	2352487	1
1280405	0	143458	1
1280405	0	2445142	1
1280405	0	959596	1
1280405	0	1996066	1
1280405	0	1303277	1
1280405	0	2114187	1
32559	0	32559	2
32559	0	804397	1
32559	0	796802	1
32559	0	811036	1
32559	0	399086	1
32559	0	791763	1
32559	0	800429	1
32559	0	805214	1
32559	0	802648	1
32559	0	818958	1
34939	0	34939	2
34939	0	165719	1
34939	0	1978216	1
34939	0	328309	1
34939	0	2422441	1
34939	0	847587	1
174151	0	174151	2
174151	0	438465	1
174151	0	964542	1
174151	0	1242495	1
174151	0	2145348	1
174151	0	430211	1
174151	0	814796	1
174151	0	2302499	1
174151	0	578411	1
174151	0	2346591	1
4900	0	4900	2
4900	0	1580345	1
4900	0	2292393	1
4900	0	777643	1
4900	0	2341972	1
4900	0	1064635	1
4900	0	1854069	1
4900	0	93114	1
4900	0	574135	1
4900	0	2343654	1
4900	0	2456314	1
4900	0	931167	1
4900	0	2254428	1
4900	0	980604	1
4900	0	1976350	1
4900	0	2327649	1
4900	0	1490224	1
4900	0	1107518	1
4900	0	1961850	1
4900	0	1628286	1
4900	0	1100840	1
4900	0	1703384	1
4900	0	1057913	1
10166	0	10166	2
10166	0	1798464	1
10166	0	1589718	1
10166	0	2139314	1
10166	0	971457	1
10166	0	1232184	1
10166	0	1170756	1
10166	0	507631	1
10166	0	535036	1
10166	0	1347690	1
10166	0	2142643	1
10166	0	2035151	1
10166	0	397070	1
10166	0	308463	1
10166	0	2119658	1
10166	0	1515579	1
10166	0	2141879	1
10166	0	475616	1
25726	0	25726	2
25726	0	1305082	1
25726	0	385817	1
25726	0	1128698	1
25726	0	28149	1
25726	0	1581631	1
25726	0	151456	1
25726	0	786743	1
25726	0	1505335	1
25726	0	1147881	1
25726	0	1487189	1
25726	0	424677	1
25726	0	961304	1
25726	0	1317351	1
25726	0	1650985	1
25726	0	1209526	1
25726	0	127805	1
25726	0	280547	1
25726	0	1935779	1
25726	0	269990	1
25726	0	809809	1
25726	0	408158	1
25726	0	537942	1
25726	0	1261557	1
25726	0	282321	1
25726	0	1041702	1
25726	0	674891	1
25726	0	976965	1
25726	0	970328	1
25726	0	902788	1
25726	0	532958	1
25726	0	852970	1
25726	0	281579	1
25726	0	551082	1
25726	0	1245542	1
25726	0	1361758	1
25726	0	280535	1
25726	0	849215	1
25726	0	1312021	1
25726	0	528196	1
25726	0	752189	1
25726	0	1413746	1
25726	0	682302	1
25726	0	1906741	1
25726	0	743491	1
25726	0	269144	1
25726	0	1610880	1
25726	0	335011	1
25726	0	2389968	1
25726	0	734188	1
25726	0	1337945	1
25726	0	559594	1
25726	0	1465037	1
25726	0	2452298	1
25726	0	333467	1
25726	0	2390660	1
25726	0	1179052	1
25726	0	331538	1
25726	0	591565	1
25726	0	85161	1
25726	0	1583359	1
25726	0	282336	1
25726	0	282329	1
25726	0	439961	1
25726	0	239049	1
25726	0	1282336	1
25726	0	281339	1
25726	0	92856	1
25726	0	167358	1
720	0	720	2
720	0	494373	1
720	0	466278	1
720	0	453549	1
720	0	356941	1
720	0	713003	1
720	0	1854956	1
720	0	92371	1
720	0	1187766	1
720	0	1430356	1
720	0	1432661	1
720	0	483754	1
720	0	122253	1
720	0	841981	1
720	0	508144	1
720	0	556261	1
720	0	549934	1
720	0	2212379	1
720	0	1364275	1
720	0	1403099	1
720	0	1447129	1
720	0	445063	1
720	0	384568	1
720	0	847174	1
200237	0	200237	2
200237	0	1679778	1
200237	0	2045403	1
200237	0	2045402	1
200237	0	1552623	1
200237	0	448183	1
200237	0	115012	1
14410	0	14410	2
14410	0	1110855	1
14410	0	1020240	1
14410	0	23846	1
14410	0	1865023	1
14410	0	1112960	1
14410	0	1126946	1
14410	0	973079	1
14410	0	1665480	1
14410	0	747102	1
14410	0	467716	1
14410	0	283216	1
14410	0	387632	1
14410	0	1945731	1
14410	0	91146	1
14410	0	1696484	1
14410	0	154297	1
14410	0	439235	1
14410	0	653415	1
14410	0	86124	1
14410	0	201915	1
14410	0	911742	1
14410	0	180634	1
14410	0	2005565	1
14410	0	1062855	1
14410	0	1418433	1
14410	0	1572666	1
14410	0	183495	1
23920	0	23920	2
23920	0	2324975	1
23920	0	748930	1
23920	0	2321742	1
23920	0	37213	1
23920	0	1665041	1
23920	0	1745488	1
23920	0	2027131	1
23920	0	1560376	1
23920	0	2429361	1
23920	0	1103498	1
23920	0	1481502	1
23920	0	2121447	1
23920	0	424330	1
23920	0	2400321	1
23920	0	2358033	1
23920	0	1505570	1
23920	0	2330754	1
23920	0	1726148	1
23920	0	627552	1
1897191	0	1897191	2
1897191	0	1901644	1
1897191	0	374708	1
1897191	0	2131316	1
1897191	0	2234325	1
1897191	0	925124	1
1897191	0	1974875	1
1897191	0	1594604	1
1897191	0	1405515	1
1897191	0	483427	1
1897191	0	240060	1
1897191	0	2374000	1
1897191	0	2303319	1
1897191	0	2256199	1
196387	0	196387	2
196387	0	1127706	1
196387	0	268953	1
196387	0	1163970	1
196387	0	1127500	1
196387	0	764292	1
25130	0	25130	2
25130	0	1348605	1
25130	0	2453559	1
25130	0	1976917	1
25130	0	576623	1
25130	0	1385260	1
28232	0	28232	2
28232	0	469047	1
28232	0	1308959	1
28232	0	503371	1
28232	0	27234	1
28232	0	556620	1
28232	0	300185	1
16952	0	16952	2
16952	0	688968	1
16952	0	868194	1
16952	0	1777580	1
16952	0	864278	1
16952	0	1593626	1
16952	0	340447	1
16952	0	1839829	1
16952	0	688973	1
16952	0	688960	1
28485	0	28485	2
28485	0	1409786	1
28485	0	1529809	1
28485	0	463684	1
28485	0	41057	1
28485	0	357655	1
28485	0	854004	1
113827	0	113827	2
113827	0	1367898	1
113827	0	230952	1
113827	0	21159	1
113827	0	163355	1
113827	0	1086671	1
113827	0	397525	1
113827	0	232904	1
32219	0	32219	2
32219	0	1546536	1
32219	0	1656424	1
32219	0	1739108	1
32219	0	1373314	1
32219	0	118599	1
32219	0	835531	1
32219	0	1878025	1
6984	0	6984	2
6984	0	1178114	1
6984	0	874597	1
6984	0	1211981	1
6984	0	1048219	1
6984	0	602827	1
6984	0	278573	1
6984	0	693496	1
6984	0	348724	1
6984	0	72333	1
6984	0	306924	1
6984	0	998675	1
124119	0	124119	2
124119	0	1244357	1
124119	0	2247358	1
124119	0	1363207	1
124119	0	617486	1
124119	0	671082	1
124119	0	467444	1
124119	0	2277678	1
124119	0	481000	1
124119	0	1916864	1
124119	0	862481	1
124119	0	364734	1
124119	0	884412	1
124119	0	1385573	1
124119	0	2161598	1
124119	0	2061165	1
124119	0	1122418	1
124119	0	1135737	1
124119	0	1816865	1
124119	0	701178	1
124119	0	418545	1
124119	0	267422	1
124119	0	540246	1
124119	0	1216773	1
124119	0	1765785	1
124119	0	1463550	1
34875	0	34875	2
34875	0	343163	1
34875	0	145144	1
34875	0	1876310	1
34875	0	1947319	1
34875	0	1807588	1
34875	0	452084	1
34875	0	1876203	1
34875	0	1955575	1
34875	0	530619	1
7911	0	7911	2
7911	0	1893715	1
7911	0	1745486	1
7911	0	1671066	1
7911	0	495215	1
7911	0	2124224	1
7911	0	2037121	1
7911	0	1343488	1
7911	0	203430	1
8630	0	8630	2
8630	0	1186505	1
8630	0	1744383	1
8630	0	599666	1
8630	0	205114	1
8630	0	163286	1
422206	0	422206	2
422206	0	2146406	1
422206	0	1492778	1
422206	0	2179969	1
422206	0	1458845	1
422206	0	1441616	1
422206	0	1486994	1
81416	0	81416	2
81416	0	591133	1
81416	0	2361854	1
81416	0	1829632	1
81416	0	1814115	1
81416	0	553675	1
81416	0	1562923	1
81416	0	337420	1
81416	0	315733	1
81416	0	84072	1
81416	0	1712561	1
81416	0	1834181	1
81416	0	2093029	1
81416	0	1066321	1
81416	0	2425399	1
81416	0	257997	1
81416	0	84057	1
81416	0	1099528	1
81416	0	84061	1
81416	0	274443	1
81416	0	1705831	1
28106	0	28106	2
28106	0	85741	1
28106	0	619284	1
28106	0	1130232	1
28106	0	167795	1
28106	0	1193589	1
28106	0	1173754	1
28106	0	1761906	1
28106	0	1052853	1
28106	0	71489	1
28106	0	1067125	1
738573	0	738573	2
738573	0	660914	1
738573	0	916535	1
738573	0	1112603	1
738573	0	2399800	1
738573	0	2236500	1
738573	0	956734	1
738573	0	910736	1
738573	0	226956	1
738573	0	852965	1
738573	0	1819928	1
738573	0	836343	1
738573	0	734949	1
738573	0	2103811	1
738573	0	1076910	1
738573	0	1693624	1
738573	0	1762653	1
738573	0	236380	1
738573	0	237887	1
738573	0	2330451	1
738573	0	532460	1
738573	0	657212	1
738573	0	99139	1
738573	0	1690815	1
738573	0	2199889	1
738573	0	2408957	1
738573	0	1770563	1
738573	0	1456338	1
738573	0	2064588	1
738573	0	1545701	1
738573	0	455203	1
738573	0	910738	1
738573	0	2182494	1
738573	0	578755	1
738573	0	1959980	1
738573	0	1383017	1
738573	0	2143690	1
738573	0	1113689	1
738573	0	1345448	1
738573	0	283784	1
738573	0	763420	1
738573	0	958732	1
738573	0	1399599	1
738573	0	2160819	1
738573	0	678732	1
738573	0	2455370	1
738573	0	1742870	1
738573	0	1385864	1
738573	0	1280690	1
738573	0	394881	1
738573	0	990249	1
738573	0	1858552	1
738573	0	1725944	1
738573	0	1632880	1
738573	0	2071514	1
738573	0	2287209	1
738573	0	740881	1
738573	0	1752488	1
738573	0	1523081	1
125791	0	125791	2
125791	0	1254877	1
125791	0	901537	1
125791	0	1526842	1
125791	0	993819	1
125791	0	727078	1
125791	0	799974	1
294384	0	294384	2
294384	0	298934	1
294384	0	2188306	1
294384	0	1863596	1
294384	0	2442098	1
294384	0	430971	1
294384	0	1895815	1
470620	0	470620	2
470620	0	2143453	1
470620	0	805264	1
470620	0	458571	1
470620	0	1738737	1
470620	0	1507379	1
237831	0	237831	2
237831	0	2051851	1
237831	0	484571	1
237831	0	908250	1
237831	0	1320738	1
237831	0	1145063	1
2161	0	2161	2
2161	0	575961	1
2161	0	558459	1
2161	0	621855	1
2161	0	655958	1
2161	0	561981	1
2161	0	623418	1
2161	0	1428808	1
2161	0	1454891	1
2161	0	334949	1
2161	0	699844	1
2161	0	623364	1
2161	0	2327223	1
2161	0	2142194	1
2161	0	1638776	1
2161	0	272474	1
2161	0	92592	1
2161	0	372286	1
2161	0	712910	1
2161	0	623346	1
2161	0	1701404	1
2161	0	620690	1
2161	0	159238	1
2161	0	1063472	1
2161	0	92354	1
2161	0	278321	1
2161	0	222915	1
2161	0	640657	1
2161	0	1616568	1
2161	0	626014	1
2161	0	1578850	1
2161	0	624334	1
2161	0	560523	1
2161	0	2379336	1
2161	0	2129349	1
2161	0	878591	1
2161	0	845418	1
2161	0	2100187	1
2161	0	562939	1
2161	0	1528181	1
2161	0	1492177	1
2161	0	1097526	1
2161	0	422863	1
2161	0	1675283	1
2161	0	2131266	1
2161	0	648476	1
2161	0	728767	1
2161	0	88841	1
2161	0	666599	1
2161	0	562389	1
2161	0	94178	1
2161	0	623355	1
2161	0	1822132	1
2161	0	638545	1
2161	0	2032025	1
21145	0	21145	2
21145	0	1095889	1
21145	0	1591120	1
21145	0	880858	1
21145	0	42669	1
21145	0	1665310	1
21145	0	1801324	1
21145	0	476326	1
21145	0	2272344	1
21145	0	1767903	1
21145	0	807020	1
21145	0	1186978	1
21145	0	4616	1
21145	0	100841	1
21145	0	2053882	1
21145	0	1889090	1
21145	0	2032493	1
21145	0	1217435	1
21145	0	2054911	1
21145	0	2122790	1
21145	0	2043080	1
21145	0	2236776	1
21145	0	1191512	1
21145	0	931041	1
21145	0	42711	1
21145	0	2057563	1
21145	0	2044555	1
21145	0	872093	1
21145	0	42311	1
21145	0	1802412	1
21145	0	2245174	1
21145	0	1494208	1
21145	0	1172806	1
21145	0	1772595	1
21145	0	2220564	1
21145	0	1618993	1
21145	0	1072414	1
21145	0	1217432	1
21145	0	849374	1
21145	0	1935648	1
21145	0	1188161	1
21145	0	1211459	1
21145	0	927607	1
21145	0	2054149	1
21145	0	1992084	1
21145	0	1543994	1
21145	0	975030	1
21145	0	1150970	1
21145	0	1910769	1
21145	0	1815296	1
21145	0	469961	1
21145	0	991254	1
21145	0	1639972	1
21145	0	2222384	1
21145	0	792993	1
21145	0	1922313	1
21145	0	162708	1
21145	0	1488783	1
21145	0	1549885	1
21145	0	1466016	1
21145	0	993478	1
21145	0	1206317	1
21145	0	1440877	1
21145	0	952367	1
21145	0	250926	1
21145	0	1172814	1
21145	0	817966	1
21145	0	971023	1
21145	0	1920676	1
21145	0	340428	1
679227	0	679227	2
679227	0	1933265	1
679227	0	1503691	1
679227	0	1549073	1
679227	0	436576	1
679227	0	2140676	1
679227	0	12302	1
679227	0	2261297	1
679227	0	769934	1
679227	0	1597649	1
679227	0	132041	1
679227	0	1371336	1
679227	0	1345910	1
679227	0	2028917	1
679227	0	1281813	1
679227	0	1901343	1
679227	0	2025994	1
679227	0	1819662	1
679227	0	2265741	1
679227	0	739799	1
679227	0	2345931	1
2136797	0	2136797	2
2136797	0	2329204	1
2136797	0	2330120	1
2136797	0	2194578	1
2136797	0	2156774	1
2136797	0	2422061	1
5622	0	5622	2
5622	0	129481	1
5622	0	1782311	1
5622	0	768104	1
5622	0	10522	1
5622	0	606383	1
5622	0	5	1
5622	0	1379803	1
5622	0	831663	1
5622	0	2423161	1
5622	0	4136	1
5622	0	177989	1
5622	0	2375864	1
5622	0	993971	1
5622	0	1916859	1
5622	0	2379433	1
5622	0	2376488	1
5622	0	695525	1
5622	0	125488	1
1313598	0	1313598	2
1313598	0	2008517	1
1313598	0	1718900	1
1313598	0	2213129	1
1313598	0	188461	1
1313598	0	78307	1
1313598	0	459290	1
1313598	0	270216	1
1313598	0	25963	1
1313598	0	119929	1
712704	0	712704	2
712704	0	952454	1
712704	0	1132156	1
712704	0	2063613	1
712704	0	1701936	1
712704	0	1248	1
712704	0	803613	1
712704	0	557225	1
712704	0	1035189	1
712704	0	1450163	1
712704	0	1142576	1
712704	0	1205882	1
712704	0	913062	1
712704	0	141773	1
712704	0	596650	1
712704	0	1458120	1
712704	0	450956	1
712704	0	231613	1
712704	0	253599	1
712704	0	950230	1
712704	0	1647925	1
712704	0	978585	1
712704	0	187656	1
712704	0	1999083	1
712704	0	389032	1
712704	0	2428555	1
712704	0	2237988	1
712704	0	1131920	1
712704	0	591264	1
712704	0	908363	1
712704	0	2004825	1
712704	0	307988	1
712704	0	1577576	1
